45
25
18
21
5
45
27
37
33
2
41
33
30
15
20
19
17
10
10
19
32
44
23
4
27
28
38
51
30
38
39
35
29
15
28
52
43
28
19
33
48
53
38
51
33
43
51
41
40
22
4
49
3
28
39
37
25
27
41
36
23
32
19
44
11
35
5
46
45
5
47
29
3
3
3
6
14
8
13
33
12
23
46
3
52
28
19
48
19
1
44
42
7
33
31
48
47
39
36
4
3
9
1
53
48
0
31
35
22
45
19
3
12
30
45
2
16
32
43
4
25
14
45
49
3
36
15
40
13
30
51
1
13
21
20
16
46
27
11
53
2
47
12
0
13
5
5
43
4
53
34
7
50
24
44
22
29
34
0
13
2
17
33
53
44
18
42
5
1
28
22
52
18
39
44
39
23
40
28
24
3
21
22
6
42
24
21
44
0
17
11
52
36
50
28
48
35
33
12
5
14
53
48
34
9
21
30
32
9
21
51
7
42
9
35
6
19
24
33
48
35
45
0
9
4
50
52
12
12
12
3
0
35
32
32
14
42
53
7
17
11
1
43
13
45
48
3
20
35
2
2
43
18
8
47
53
44
29
20
14
6
13
16
52
9
7
44
35
44
16
19
3
41
47
41
34
18
2
10
37
16
25
4
21
26
46
44
45
23
0
9
32
26
29
21
46
31
38
34
38
23
39
26
8
5
4
42
15
42
53
6
3
29
8
23
0
32
15
37
9
4
7
49
45
5
5
5
12
34
27
36
10
43
31
35
48
12
9
17
8
52
18
28
27
26
26
5
18
36
39
43
21
19
12
34
31
21
11
31
9
26
33
52
40
41
19
30
32
48
8
49
16
17
14
51
17
40
45
13
32
11
6
40
0
25
5
27
35
49
9
47
37
20
15
12
11
47
29
26
47
43
40
46
10
22
21
18
16
9
46
35
47
5
38
29
9
27
22
37
31
49
8
31
6
29
8
10
9
30
23
25
15
7
39
10
17
36
40
46
28
50
51
12
51
4
9
49
17
8
15
24
16
15
16
35
50
20
4
19
40
27
23
45
6
14
41
1
4
24
51
46
7
40
4
44
1
17
51
50
5
25
7
33
8
36
7
35
41
48
50
50
31
26
20
47
25
37
17
53
45
16
40
11
29
30
43
16
1
7
40
44
32
1
42
3
8
46
5
7
34
18
41
0
12
12
17
42
30
22
45
0
17
24
43
44
41
11
28
43
51
10
20
5
44
14
38
39
20
25
27
17
25
9
11
53
30
34
18
51
16
13
14
15
10
31
31
21
3
29
1
24
32
42
43
48
17
6
38
35
41
41
33
50
45
12
7
17
38
13
46
21
6
38
40
28
47
45
39
27
45
38
14
51
20
20
23
28
8
47
41
20
2
47
53
23
0
5
31
18
52
51
50
25
1
46
29
28
40
8
22
47
42
38
19
47
31
27
38
20
7
14
0
32
1
6
7
22
9
46
44
32
10
50
2
46
52
36
16
45
22
38
10
45
12
9
46
43
39
43
47
53
12
46
9
52
1
38
21
12
51
52
46
7
14
47
53
43
20
24
27
43
15
36
51
12
42
20
18
53
13
20
2
20
12
31
7
18
31
31
1
47
11
21
53
19
49
22
1
27
50
30
6
44
30
15
8
17
13
34
6
6
24
16
27
36
43
39
42
1
26
32
30
13
52
7
40
41
40
46
20
50
41
23
35
42
9
6
18
9
40
42
12
22
32
31
17
50
31
51
1
26
52
47
25
24
40
45
6
18
30
4
45
41
34
41
16
49
15
28
45
7
2
53
45
49
20
4
2
10
34
35
10
10
11
25
53
28
0
36
40
46
46
44
42
30
34
5
25
39
40
26
44
33
15
42
35
2
28
53
45
51
11
33
35
39
0
15
12
14
0
33
45
33
34
3
14
15
47
23
20
15
4
31
26
8
41
20
39
25
45
14
42
32
33
47
29
12
45
7
34
26
37
41
45
19
24
40
26
2
37
15
8
36
27
13
33
34
10
11
25
5
12
31
23
18
26
39
53
52
1
12
25
18
1
5
37
27
37
43
28
51
45
50
51
40
16
19
12
50
49
40
53
23
8
20
28
19
9
13
16
10
12
42
43
3
26
18
14
28
5
13
8
25
10
45
23
12
24
49
35
30
39
28
28
6
19
7
12
0
24
42
36
17
8
45
27
40
44
7
48
37
32
36
7
44
23
24
28
45
23
4
40
44
32
23
14
40
38
0
12
27
26
45
53
14
33
27
42
36
4
28
20
52
17
52
30
38
13
7
17
46
19
27
19
53
49
16
22
51
21
34
26
43
1
12
47
5
34
18
34
30
43
29
4
12
48
16
34
16
29
25
18
45
18
42
7
49
42
34
19
39
20
10
46
32
43
21
4
50
0
48
42
16
33
12
20
37
51
14
25
23
5
36
50
37
2
10
24
42
42
39
16
49
51
43
17
38
16
0
0
51
1
39
44
47
49
38
11
30
52
18
21
4
18
18
2
44
32
43
37
8
37
51
52
6
40
2
7
39
36
47
35
51
22
26
30
25
52
36
5
4
16
33
16
5
21
27
9
38
34
37
38
10
39
12
36
38
49
40
27
41
49
1
29
43
31
14
32
49
2
2
11
30
23
42
20
9
26
42
30
35
40
23
34
15
49
51
29
6
22
10
18
33
17
2
13
22
6
17
15
17
3
47
42
0
29
13
1
2
23
47
36
38
49
49
41
41
36
49
6
26
46
18
16
5
10
39
44
46
25
50
40
0
11
31
44
32
18
36
52
53
27
21
47
1
30
17
48
52
43
37
3
20
14
24
5
32
43
50
36
40
52
28
18
34
5
14
49
43
52
32
45
26
27
39
23
17
27
22
44
26
27
6
9
48
17
47
6
0
28
34
39
42
3
4
8
34
47
25
21
25
26
26
38
16
3
16
39
30
20
4
53
40
42
10
39
0
39
11
8
36
20
20
36
40
38
41
1
45
47
5
46
16
13
47
4
31
9
7
36
4
11
0
31
40
9
52
52
5
52
29
24
50
34
44
32
30
12
47
28
23
14
28
35
29
39
44
3
20
7
27
25
40
16
43
36
5
27
2
46
40
5
3
5
29
43
33
44
35
9
46
22
3
5
5
46
49
35
32
45
20
26
51
31
24
17
11
46
19
6
49
7
44
1
49
27
32
43
27
51
34
33
45
11
14
31
40
23
41
10
40
14
48
23
30
46
52
32
32
44
26
12
49
32
43
43
13
13
32
26
39
14
6
33
10
5
8
30
50
33
31
28
6
47
53
17
18
6
45
44
43
25
36
27
11
30
18
23
30
5
46
12
31
13
48
50
24
0
13
17
45
30
33
34
25
1
2
31
3
41
36
44
3
6
19
3
3
38
2
36
15
19
1
51
14
26
15
0
21
53
39
28
40
11
46
18
6
18
24
36
11
43
34
39
21
52
27
27
25
5
30
12
31
21
50
14
3
37
41
10
30
46
41
30
41
27
12
33
46
20
29
25
9
1
11
14
50
50
10
16
47
22
50
11
24
24
40
52
36
5
43
14
41
2
11
52
38
41
51
6
11
30
48
45
43
26
12
20
49
26
14
28
14
25
2
40
3
37
14
37
41
0
6
3
3
39
26
13
15
16
19
51
47
22
37
24
6
10
1
5
26
2
28
34
23
2
31
50
15
28
29
49
49
34
46
31
45
7
42
45
28
19
39
37
23
47
28
45
13
4
3
34
9
21
48
32
28
47
53
52
33
8
37
2
35
12
22
5
14
15
23
23
24
12
26
41
12
4
18
40
42
14
31
40
9
23
0
22
50
52
45
31
9
21
1
0
50
18
10
37
48
40
30
20
53
37
38
50
39
16
34
34
4
23
36
15
19
11
52
31
11
0
18
39
1
38
20
45
31
25
39
0
30
43
0
32
9
33
40
1
43
0
52
31
11
33
25
6
4
5
21
2
22
15
11
24
44
27
37
35
14
47
7
8
29
44
25
21
27
49
11
4
31
23
35
17
40
3
36
10
32
17
38
22
38
32
39
3
33
38
48
47
32
38
37
0
48
46
51
49
39
34
4
31
14
9
39
31
7
32
18
49
26
39
33
10
4
33
0
33
47
31
51
34
25
13
37
33
10
27
20
27
33
23
14
1
25
8
9
31
7
49
45
37
26
40
53
27
25
18
32
25
49
41
12
29
36
31
33
0
16
4
27
30
16
5
9
35
30
42
23
53
28
23
4
47
23
34
41
0
53
49
15
15
19
30
6
27
40
22
26
6
34
49
6
26
29
34
38
30
23
23
1
45
7
9
5
42
31
53
21
51
27
35
8
9
5
29
45
3
6
8
26
53
24
2
19
51
27
11
26
51
23
3
33
53
3
0
38
6
8
23
9
30
24
13
50
3
13
15
28
39
22
11
46
18
29
53
24
24
36
38
10
36
30
8
11
31
8
3
32
26
0
39
13
40
47
22
26
22
31
27
34
42
7
36
0
10
6
51
34
1
52
17
19
3
53
50
31
51
