35
10
23
4
24
38
24
42
43
10
45
15
26
29
25
29
4
39
3
35
14
26
12
11
7
10
43
11
5
38
38
4
8
34
39
11
40
0
20
31
32
52
27
28
14
27
37
5
45
49
47
17
7
25
13
33
43
20
17
43
18
35
40
19
8
32
23
15
39
3
41
41
1
29
31
11
49
17
2
25
4
0
8
48
34
36
39
9
12
38
24
40
4
30
48
25
37
16
11
24
42
11
12
53
5
40
8
38
7
34
29
38
28
2
11
47
24
53
47
52
4
42
2
0
12
23
46
33
10
9
18
6
2
28
6
23
33
34
48
30
13
52
24
38
15
45
6
47
19
27
15
33
52
10
7
27
39
45
40
33
27
35
4
16
5
11
47
17
26
37
17
30
52
40
27
17
3
45
6
12
50
53
19
53
32
49
21
11
15
3
18
15
15
48
52
16
41
15
24
53
51
13
20
50
16
23
29
51
33
1
3
36
31
37
44
20
24
45
39
23
24
21
52
1
31
1
37
32
18
28
7
50
20
13
8
40
37
2
16
10
23
11
23
24
40
23
38
35
24
33
11
22
53
41
16
35
32
25
0
51
45
29
25
19
1
4
3
33
27
47
25
50
40
29
18
26
24
40
24
50
2
37
17
9
17
30
36
33
47
28
52
45
35
14
33
38
16
43
52
39
39
25
5
23
41
15
48
52
52
30
14
17
24
35
13
32
20
41
22
10
32
18
23
5
26
29
42
39
8
34
44
52
43
44
2
52
0
38
44
4
48
49
45
50
9
39
35
38
38
14
34
15
8
52
39
42
21
4
2
29
32
31
22
23
47
44
47
25
10
26
20
1
19
52
5
13
44
37
27
17
38
22
9
5
52
42
38
17
7
31
15
6
43
20
26
4
15
2
50
27
2
4
15
16
24
17
25
35
4
44
16
42
12
52
36
21
37
2
49
49
48
9
27
49
4
40
48
39
3
36
33
32
31
29
13
12
5
29
9
10
2
17
25
8
16
5
10
43
19
45
5
9
2
2
19
44
19
39
14
11
3
38
0
33
33
29
28
37
51
50
49
34
34
43
0
26
19
42
42
22
7
10
49
0
17
20
43
19
46
24
38
49
1
27
35
30
19
30
36
8
35
31
40
43
29
7
22
19
17
20
27
32
3
23
49
40
10
26
12
1
50
3
51
20
2
21
35
29
24
21
42
51
19
33
8
5
4
27
47
42
19
25
30
14
12
43
42
33
22
12
34
3
10
45
26
17
12
38
50
1
11
51
41
42
25
41
29
17
31
38
36
12
28
51
42
2
52
20
45
13
53
33
10
16
2
41
12
45
35
1
49
14
52
13
52
26
31
6
41
33
46
40
43
1
52
22
19
2
33
6
35
36
11
46
51
20
8
3
15
44
30
31
14
6
50
31
1
3
43
11
6
51
52
34
51
44
5
37
38
31
10
18
8
24
5
18
48
7
28
15
51
37
39
2
51
52
2
9
50
51
9
10
18
27
18
23
33
28
12
41
37
22
33
16
45
53
50
8
11
17
27
18
3
18
10
22
34
53
12
40
26
26
25
27
5
30
47
31
30
17
19
40
7
0
52
0
7
14
12
39
37
25
14
5
23
17
8
18
10
33
46
37
41
41
8
30
33
24
34
27
24
1
12
20
23
12
2
26
14
39
39
40
34
7
22
52
42
20
12
25
27
17
23
10
5
29
36
42
26
1
30
17
40
36
33
26
27
5
17
0
8
18
47
12
43
13
50
45
37
0
40
16
35
27
32
43
4
34
46
50
47
53
23
2
51
16
49
48
4
0
48
43
37
3
20
1
32
45
15
19
47
31
32
2
3
46
16
8
52
17
40
34
48
48
12
41
49
4
49
28
1
1
51
50
7
24
6
24
37
49
44
13
42
22
1
49
12
38
16
0
14
9
30
5
11
3
33
15
33
33
46
39
7
27
12
20
51
30
11
9
39
37
26
4
18
16
46
27
24
50
44
23
32
0
51
13
48
49
40
50
52
29
43
47
0
51
52
25
38
6
22
22
17
52
33
11
1
7
51
35
52
39
32
19
43
13
23
49
37
28
13
32
3
17
4
9
14
9
49
23
18
45
40
14
18
43
10
49
8
53
46
15
11
1
0
19
14
20
13
22
13
24
27
4
29
20
8
44
4
31
36
19
31
8
20
24
22
25
8
46
19
10
39
37
20
48
29
27
29
38
11
17
45
39
10
32
15
18
39
18
38
44
19
13
42
2
33
9
36
32
