8
28
35
32
48
8
26
16
20
51
12
20
23
38
33
34
36
43
43
34
21
9
30
49
26
25
15
2
23
15
14
18
24
38
25
1
10
25
34
20
5
0
15
2
20
10
2
12
13
31
49
4
50
25
14
16
28
26
12
17
30
21
34
9
42
18
48
7
8
48
6
24
50
50
50
47
39
45
40
20
41
30
7
50
1
25
34
5
34
52
9
11
46
20
22
5
6
14
17
49
50
44
52
0
5
53
22
18
31
8
34
50
41
23
8
51
37
21
10
49
28
39
8
4
50
17
38
13
40
23
2
52
40
32
33
37
7
26
42
0
51
6
41
53
40
48
48
10
49
0
19
46
3
29
9
31
24
19
53
40
51
36
20
0
9
35
11
48
52
25
31
1
35
14
9
14
30
13
25
29
50
32
31
47
11
29
32
9
53
36
42
1
17
3
25
5
18
20
41
48
39
0
5
19
44
32
23
21
44
32
2
46
11
44
18
47
34
29
20
5
18
8
53
44
49
3
1
41
41
41
50
53
18
21
21
39
11
0
46
36
42
52
10
40
8
5
50
33
18
51
51
10
35
45
6
0
9
24
33
39
47
40
37
1
44
46
9
18
9
37
34
50
12
6
12
19
35
51
43
16
37
28
49
32
27
7
9
8
30
53
44
21
27
24
32
7
22
15
19
15
30
14
27
45
48
49
11
38
11
0
47
50
24
45
30
53
21
38
16
44
49
46
4
8
48
48
48
41
19
26
17
43
10
22
18
5
41
44
36
45
1
35
25
26
27
27
48
35
17
14
10
32
34
41
19
22
32
42
22
44
27
20
1
13
12
34
23
21
5
45
4
37
36
39
2
36
13
8
40
21
42
47
13
53
28
48
26
18
4
44
6
16
33
38
41
42
6
24
27
6
10
13
7
43
31
32
35
37
44
7
18
6
48
15
24
44
26
31
16
22
4
45
22
47
24
45
43
44
23
30
28
38
46
14
43
36
17
13
7
25
3
2
41
2
49
44
4
36
45
38
29
37
38
37
18
3
33
49
34
13
26
30
8
47
39
12
52
49
29
2
7
46
13
49
9
52
36
2
3
48
28
46
20
45
17
46
18
12
5
3
3
22
27
33
6
28
16
36
0
8
37
13
42
24
23
10
37
52
46
13
9
21
52
11
50
45
7
48
46
19
35
12
53
41
41
36
11
23
31
8
53
36
29
10
9
12
42
25
10
2
43
33
48
9
39
15
14
33
28
26
36
28
44
42
0
23
19
35
2
37
40
39
38
43
22
22
32
50
24
52
29
21
11
10
5
36
47
15
18
12
12
20
3
8
41
46
36
15
40
7
32
47
15
13
25
6
8
14
26
8
15
39
2
33
33
30
25
45
6
12
33
51
6
0
30
53
48
22
35
1
2
3
28
52
7
24
25
13
45
31
6
11
15
34
6
22
26
15
33
46
39
53
21
52
47
46
31
44
7
9
21
43
3
51
7
1
17
37
8
31
15
43
8
41
44
7
10
14
10
6
0
41
7
44
1
52
15
32
41
2
1
7
46
39
6
0
10
33
29
26
10
38
17
2
41
11
33
35
0
40
33
51
33
41
22
46
35
22
22
52
6
42
32
0
34
4
31
52
26
3
23
47
9
23
38
45
36
40
19
47
47
29
37
26
17
10
14
11
52
27
21
23
40
1
46
13
12
13
7
33
3
12
30
18
11
44
47
35
44
13
11
41
31
21
22
36
3
22
2
52
27
1
6
28
29
13
8
47
35
23
49
8
12
19
12
37
4
38
25
8
46
51
0
8
4
33
49
51
43
19
18
43
43
42
28
0
25
53
17
13
7
7
9
11
23
19
48
28
14
13
27
9
20
38
11
18
51
25
0
8
2
42
20
18
14
53
38
41
39
53
20
8
20
19
50
39
38
6
30
33
38
49
22
27
45
12
33
14
28
8
39
11
21
20
6
24
41
8
46
19
27
16
12
8
34
29
13
27
51
16
38
45
17
26
40
20
19
43
42
28
48
41
22
30
35
27
14
0
1
52
41
28
35
52
48
16
26
16
10
25
2
8
3
2
13
37
34
41
3
4
13
0
30
45
33
25
34
44
40
37
43
41
11
10
50
27
35
39
25
48
40
45
28
43
8
30
41
29
4
18
23
14
25
25
47
34
46
41
53
29
11
17
36
45
8
26
13
9
46
5
16
21
17
46
9
30
29
25
8
30
49
13
9
21
30
39
13
15
53
41
26
27
8
0
39
20
26
11
17
49
25
33
1
36
1
23
15
40
46
36
7
34
26
34
0
4
37
31
2
32
19
27
10
52
41
6
48
19
35
19
23
10
24
49
41
5
37
19
37
24
28
35
8
35
11
46
4
11
19
34
14
33
43
7
21
10
32
49
3
53
5
11
37
20
41
33
16
2
39
28
30
48
17
3
16
51
43
29
11
11
14
37
4
2
10
36
15
37
53
53
2
52
14
9
6
4
15
42
23
1
35
32
49
35
35
51
9
21
10
16
45
16
2
1
47
13
51
46
14
17
6
18
2
31
27
23
28
1
17
48
49
37
20
37
48
32
26
44
15
19
16
15
43
14
41
17
15
4
13
26
12
4
52
24
10
22
39
21
4
51
51
42
23
30
11
33
44
27
11
23
18
13
30
19
38
4
2
24
47
31
43
35
20
36
51
40
31
47
36
38
36
50
6
11
53
24
40
52
51
30
6
17
15
4
4
12
12
17
4
47
27
7
35
37
48
43
14
9
7
28
3
13
53
42
22
9
21
35
17
1
0
26
32
6
52
23
36
5
1
10
16
50
33
39
29
48
21
10
3
17
13
1
25
35
19
48
39
4
10
1
21
8
27
26
14
30
36
26
31
9
27
26
47
44
5
36
6
47
53
25
19
14
11
50
49
45
19
6
28
32
28
27
27
15
37
50
37
14
23
33
49
0
13
11
43
14
53
14
42
45
17
33
33
17
13
15
12
52
8
6
48
7
37
40
6
49
22
44
46
17
49
42
53
22
13
44
1
1
48
1
24
29
3
19
9
21
23
41
6
25
30
39
25
18
24
14
9
50
33
46
26
28
13
37
10
17
48
26
51
7
13
48
50
48
24
10
20
9
18
44
7
31
50
48
48
7
4
18
21
8
33
27
2
22
29
36
42
7
34
47
4
46
9
52
4
26
21
10
26
2
19
20
8
42
39
22
13
30
12
43
13
39
5
30
23
7
1
21
21
9
27
41
4
21
10
10
40
40
21
27
14
39
47
20
43
48
45
23
3
20
22
25
47
6
0
36
35
47
8
9
10
28
17
26
42
23
35
30
23
48
7
41
22
40
5
3
29
53
40
36
8
23
20
19
28
52
51
22
50
12
17
9
50
47
34
50
50
15
51
17
38
34
52
2
39
27
38
53
32
0
14
25
13
42
7
35
47
35
29
17
42
10
19
14
32
1
26
26
28
48
23
41
22
32
3
39
50
16
12
43
23
7
12
23
12
26
41
20
7
33
24
28
44
52
42
39
3
3
43
37
6
31
3
42
29
29
13
1
17
48
10
39
12
51
42
1
15
12
2
47
42
23
5
8
10
27
41
33
4
27
39
25
39
28
51
13
50
16
39
16
12
53
47
50
50
14
27
40
38
37
34
2
6
31
16
29
47
43
52
48
27
51
25
19
30
51
22
3
38
25
24
4
4
19
7
22
8
46
11
8
25
34
14
16
30
6
25
8
40
49
50
19
44
32
5
21
25
6
0
1
20
45
16
51
18
41
31
48
39
38
30
30
29
41
27
12
41
49
35
13
11
39
22
13
44
30
53
31
3
1
8
22
44
32
52
53
3
35
43
16
5
13
23
33
0
16
15
3
14
37
19
19
49
30
17
38
34
42
1
22
42
53
35
14
52
15
33
8
22
28
14
53
23
10
53
21
44
20
13
52
10
53
1
22
42
20
28
47
49
48
32
51
31
38
42
29
9
26
16
18
39
6
46
45
24
9
28
32
26
4
42
49
22
30
18
36
13
50
17
43
21
36
15
31
15
21
14
50
20
15
5
6
21
15
16
53
5
7
2
4
14
19
49
22
39
44
14
22
46
21
35
4
27
14
20
43
49
20
53
20
6
22
2
19
28
40
16
20
43
26
33
26
20
30
39
52
28
45
44
22
46
4
8
16
27
13
0
26
28
35
21
28
4
12
41
24
17
22
20
53
37
49
26
23
37
48
44
18
23
11
30
0
25
30
49
6
30
19
12
53
0
4
38
38
34
23
47
26
13
31
27
47
19
4
47
27
24
19
15
23
30
30
52
8
46
44
48
11
22
0
32
2
26
18
45
44
48
24
8
50
47
45
27
0
29
51
34
2
26
42
27
2
30
50
20
0
50
53
15
47
45
30
44
23
29
40
3
50
40
38
25
14
31
42
7
35
24
0
29
29
17
15
43
17
23
45
42
22
45
50
21
27
53
14
40
13
6
31
27
31
22
26
19
11
46
17
53
43
47
2
19
52
1
36
34
50
0
3
22
2
