18
43
30
49
29
15
29
11
10
43
8
38
27
24
28
24
49
14
50
18
39
27
41
42
46
43
10
42
48
15
15
49
45
19
14
42
13
53
33
22
21
1
26
25
39
26
16
48
8
4
6
36
46
28
40
20
10
33
36
10
35
18
13
34
45
21
30
38
14
50
12
12
52
24
22
42
4
36
51
28
49
53
45
5
19
17
14
44
41
15
29
13
49
23
5
28
16
37
42
29
11
42
41
0
48
13
45
15
46
19
24
15
25
51
42
6
29
0
6
1
49
11
51
53
41
30
7
20
43
44
35
47
51
25
47
30
20
19
5
23
40
1
29
15
38
8
47
6
34
26
38
20
1
43
46
26
14
8
13
20
26
18
49
37
48
42
6
36
27
16
36
23
1
13
26
36
50
8
47
41
3
0
34
0
21
4
32
42
38
50
35
38
38
5
1
37
12
38
29
0
2
40
33
3
37
30
24
2
20
52
50
17
22
16
9
33
29
8
14
30
29
32
1
52
22
52
16
21
35
25
46
3
33
40
45
13
16
51
37
43
30
42
30
29
13
30
15
18
29
20
42
31
0
12
37
18
21
28
53
2
8
24
28
34
52
49
50
20
26
6
28
3
13
24
35
27
29
13
29
3
51
16
36
44
36
23
17
20
6
25
1
8
18
39
20
15
37
10
1
14
14
28
48
30
12
38
5
1
1
23
39
36
29
18
40
21
33
12
31
43
21
35
30
48
27
24
11
14
45
19
9
1
10
9
51
1
53
15
9
49
5
4
8
3
44
14
18
15
15
39
19
38
45
1
14
11
32
49
51
24
21
22
31
30
6
9
6
28
43
27
33
52
34
1
48
40
9
16
26
36
15
31
44
48
1
11
15
36
46
22
38
47
10
33
27
49
38
51
3
26
51
49
38
37
29
36
28
18
49
9
37
11
41
1
17
32
16
51
4
4
5
44
26
4
49
13
5
14
50
17
20
21
22
24
40
41
48
24
44
43
51
36
28
45
37
48
43
10
34
8
48
44
51
51
34
9
34
14
39
42
50
15
53
20
20
24
25
16
2
3
4
19
19
10
53
27
34
11
11
31
46
43
4
53
36
33
10
34
7
29
15
4
52
26
18
23
34
23
17
45
18
22
13
10
24
46
31
34
36
33
26
21
50
30
4
13
43
27
41
52
3
50
2
33
51
32
18
24
29
32
11
2
34
20
45
48
49
26
6
11
34
28
23
39
41
10
11
20
31
41
19
50
43
8
27
36
41
15
3
52
42
2
12
11
28
12
24
36
22
15
17
41
25
2
11
51
1
33
8
40
0
20
43
37
51
12
41
8
18
52
4
39
1
40
1
27
22
47
12
20
7
13
10
52
1
31
34
51
20
47
18
17
42
7
2
33
45
50
38
9
23
22
39
47
3
22
52
50
10
42
47
2
1
19
2
9
48
16
15
22
43
35
45
29
48
35
5
46
25
38
2
16
14
51
2
1
51
44
3
2
44
43
35
26
35
30
20
25
41
12
16
31
20
37
8
0
3
45
42
36
26
35
50
35
43
31
19
0
41
13
27
27
28
26
48
23
6
22
23
36
34
13
46
53
1
53
46
39
41
14
16
28
39
48
30
36
45
35
43
20
7
16
12
12
45
23
20
29
19
26
29
52
41
33
30
41
51
27
39
14
14
13
19
46
31
1
11
33
41
28
26
36
30
43
48
24
17
11
27
52
23
36
13
17
20
27
26
48
36
53
45
35
6
41
10
40
3
8
16
53
13
37
18
26
21
10
49
19
7
3
6
0
30
51
2
37
4
5
49
53
5
10
16
50
33
52
21
8
38
34
6
22
21
51
50
7
37
45
1
36
13
19
5
5
41
12
4
49
4
25
52
52
2
3
46
29
47
29
16
4
9
40
11
31
52
4
41
15
37
53
39
44
23
48
42
50
20
38
20
20
7
14
46
26
41
33
2
23
42
44
14
16
27
49
35
37
7
26
29
3
9
30
21
53
2
40
5
4
13
3
1
24
10
6
53
2
1
28
15
47
31
31
36
1
20
42
52
46
2
18
1
14
21
34
10
40
30
4
16
25
40
21
50
36
49
44
39
44
4
30
35
8
13
39
35
10
43
4
45
0
7
38
42
52
53
34
39
33
40
31
40
29
26
49
24
33
45
9
49
22
17
34
22
45
33
29
31
28
45
7
34
43
14
16
33
5
24
26
24
15
42
36
8
14
43
21
38
35
14
35
15
9
34
40
11
51
20
44
17
21
