10
18
47
30
51
39
45
42
0
10
24
10
49
9
25
15
31
4
17
4
31
15
53
18
5
40
3
9
53
37
8
24
14
14
44
21
43
40
44
40
21
40
25
6
9
31
13
38
17
18
36
0
0
3
25
4
15
48
43
28
35
44
0
29
32
29
37
15
37
23
1
40
37
9
30
7
17
20
53
45
48
13
25
30
29
44
18
31
0
40
15
43
7
49
29
37
27
11
52
40
0
9
52
6
3
35
46
29
30
21
3
7
29
27
45
33
14
51
44
38
43
28
44
11
13
28
43
23
44
9
8
44
42
31
47
48
3
12
20
19
1
1
30
22
17
24
46
27
18
11
40
26
48
31
6
43
5
42
48
14
19
53
33
28
29
17
18
2
6
45
44
11
27
39
5
25
20
25
19
24
47
34
10
3
22
23
42
23
48
37
41
7
10
15
14
3
6
49
1
20
34
16
8
52
16
1
13
23
9
27
21
33
27
4
53
27
30
32
50
6
28
3
26
33
36
0
45
39
4
6
53
7
0
50
48
8
24
24
49
46
20
53
24
49
42
24
47
22
20
3
12
21
43
16
29
51
6
21
4
37
50
3
36
29
18
53
6
4
1
9
15
33
22
46
26
31
12
49
28
7
17
32
49
16
28
50
29
40
24
34
33
21
9
16
46
47
43
41
19
38
53
20
36
23
49
53
36
30
9
28
11
47
31
43
22
8
12
42
3
28
15
23
27
40
50
21
10
23
47
30
4
17
47
16
52
19
45
34
43
26
25
53
14
25
11
44
44
3
41
3
48
46
6
5
34
6
28
22
28
11
17
15
1
48
9
12
49
42
16
26
35
33
36
42
17
46
44
49
1
7
31
53
15
22
49
36
46
53
33
5
52
14
44
48
12
13
28
2
9
18
16
29
48
18
15
20
12
30
15
42
37
34
41
23
40
36
39
27
47
26
11
42
45
52
24
28
47
49
34
34
6
25
1
35
47
25
29
49
45
27
50
27
48
30
42
4
44
23
49
43
42
24
23
5
4
45
47
24
44
45
49
53
13
45
53
50
2
24
1
47
19
53
41
21
31
17
4
25
21
52
8
42
27
30
47
22
40
15
16
34
48
36
49
4
32
22
52
39
15
3
52
16
35
7
5
27
39
49
19
35
44
7
11
39
45
47
0
2
53
0
7
13
50
0
24
27
34
17
29
34
45
1
25
52
6
13
15
47
14
51
30
46
48
0
20
34
22
20
51
4
50
8
25
42
33
9
31
45
7
25
33
51
5
20
10
3
28
43
51
33
41
24
39
31
26
20
45
38
13
8
20
13
13
12
13
47
4
53
11
43
32
46
20
4
2
27
7
46
16
15
5
36
49
16
26
35
47
2
33
30
4
19
47
9
29
44
12
7
2
1
28
1
35
41
17
32
27
53
43
51
50
38
49
16
32
32
22
53
51
38
15
12
33
46
11
38
17
52
34
20
4
47
9
44
52
31
43
7
10
8
25
20
39
49
17
25
49
32
49
5
7
43
31
43
11
43
17
41
51
18
38
48
11
49
6
24
3
18
25
49
18
23
48
20
38
35
19
41
44
27
12
16
51
47
31
52
36
36
0
2
8
9
41
15
35
2
22
16
46
9
18
8
19
22
3
52
50
17
7
11
27
0
42
40
26
48
40
13
26
21
22
26
23
50
12
7
52
1
26
39
47
22
39
5
46
38
19
16
42
29
43
46
39
26
30
8
26
12
34
47
53
46
16
23
1
40
16
27
11
34
21
36
18
20
45
49
47
25
46
35
49
26
0
52
28
4
7
17
19
18
26
29
13
31
52
32
49
29
22
50
36
30
37
5
49
1
12
13
22
42
0
16
50
46
11
7
5
22
26
19
35
15
20
51
34
40
52
35
11
1
21
24
28
2
6
1
12
19
44
32
4
36
21
2
46
39
47
53
6
10
25
38
33
52
18
49
14
9
35
46
35
14
23
9
52
13
51
27
8
22
46
20
11
53
49
26
22
3
6
42
49
17
6
48
12
6
0
21
53
7
17
0
34
12
43
43
26
20
16
8
42
14
29
40
52
52
0
11
45
4
23
33
25
3
41
52
10
53
11
10
22
36
13
30
0
45
14
35
24
36
46
30
15
27
21
16
53
30
25
24
41
10
47
28
0
40
38
46
27
47
10
24
21
48
22
14
39
52
13
35
44
48
39
22
19
37
20
13
51
26
3
41
29
46
15
14
27
12
46
13
48
19
33
44
23
46
48
27
7
4
