16
2
20
30
48
36
5
43
19
31
6
26
35
34
7
11
34
27
47
44
49
2
21
37
46
8
42
27
33
10
19
8
10
36
53
46
27
29
42
2
4
34
9
45
37
21
48
43
53
22
0
23
10
30
38
36
0
45
2
45
48
40
22
21
26
3
32
9
26
17
26
13
15
32
51
41
15
23
17
23
15
1
21
5
50
29
31
5
21
48
21
21
35
6
13
1
50
27
31
2
11
50
21
5
9
2
26
18
0
7
52
1
36
45
23
37
48
10
8
45
26
3
25
34
26
9
8
12
17
49
42
40
21
7
20
40
15
6
41
10
11
33
24
19
53
20
31
26
32
11
24
43
48
7
3
32
25
8
21
7
7
38
11
32
26
0
43
51
29
25
38
32
47
4
40
11
14
7
0
19
35
13
5
7
17
42
10
3
46
51
26
0
2
29
26
2
42
51
10
8
8
48
3
29
6
48
18
25
1
3
42
40
44
44
47
2
18
52
41
22
25
8
2
51
50
39
48
21
20
43
32
14
7
33
53
26
30
24
51
37
19
48
51
13
36
7
48
26
43
14
1
13
1
33
28
32
53
26
20
24
39
17
37
8
42
27
22
40
25
42
6
35
34
13
13
8
9
35
33
31
11
44
43
41
52
4
34
23
15
43
9
39
6
39
39
52
38
53
4
47
23
46
28
28
10
24
39
28
48
20
35
40
29
8
27
44
14
17
29
44
7
9
11
33
39
41
1
4
41
29
23
31
5
41
2
45
26
4
52
11
6
44
11
30
3
35
43
47
42
9
44
48
24
4
11
3
29
39
25
52
28
13
12
24
20
27
31
11
13
13
7
24
28
48
19
24
45
43
3
30
28
11
4
4
25
6
38
12
4
0
31
33
41
42
43
24
33
31
32
41
11
41
40
19
38
20
2
4
48
12
33
1
31
11
23
28
29
51
32
38
33
30
21
47
30
20
12
13
18
20
24
21
36
47
10
4
25
12
42
25
13
24
41
6
46
25
40
6
26
3
34
35
25
6
4
25
3
25
7
5
49
17
23
38
43
47
5
38
46
32
13
52
35
18
20
10
25
36
24
16
46
8
25
30
44
0
17
38
11
51
18
32
42
30
30
36
37
23
10
53
46
36
23
43
0
24
25
41
53
37
17
40
39
18
37
41
20
46
24
7
52
27
4
13
33
41
13
8
6
31
14
39
51
9
38
28
37
51
20
46
21
0
49
32
24
4
21
45
39
1
17
34
31
15
13
33
5
18
24
6
7
35
30
52
21
33
29
11
25
24
39
5
38
52
37
30
6
51
30
31
28
41
46
31
15
36
7
22
28
31
47
30
18
43
8
52
12
23
0
13
14
25
6
36
31
43
0
46
31
51
17
43
19
4
32
33
3
35
4
7
7
27
38
13
49
12
49
43
0
35
1
3
33
37
36
42
19
12
42
35
29
46
41
51
21
24
35
2
46
47
41
32
7
25
11
4
23
24
16
46
17
30
20
26
52
52
11
10
5
3
49
26
7
2
34
21
40
13
33
13
42
33
18
13
34
27
53
27
24
49
52
50
6
47
24
49
30
7
9
11
15
19
28
17
18
13
40
22
36
44
16
33
50
17
13
53
5
25
6
12
36
37
49
14
34
46
39
11
13
22
21
34
13
22
45
20
8
50
4
5
19
28
49
21
0
5
46
6
40
41
49
8
7
42
33
8
13
2
2
17
49
41
31
15
20
25
48
42
32
32
40
42
38
13
22
5
37
40
40
35
34
5
27
35
53
7
39
21
49
47
31
38
42
44
26
26
3
13
53
42
15
34
36
27
30
53
8
49
39
37
45
37
23
41
6
49
49
26
38
23
24
46
32
27
18
39
47
4
22
6
44
50
46
2
47
49
0
45
37
33
40
34
11
17
3
36
11
44
30
0
1
20
33
38
0
19
3
30
18
18
40
4
26
48
11
50
40
9
6
2
3
22
53
48
38
22
52
19
9
37
30
24
12
29
42
4
26
6
52
34
31
33
36
26
7
1
19
30
51
23
36
32
48
21
28
27
17
4
13
23
0
40
14
23
35
1
26
9
34
12
43
26
44
31
10
32
22
37
9
27
51
12
31
35
21
49
25
11
11
49
23
0
29
16
18
4
4
42
39
48
33
49
52
37
36
28
15
36
33
21
37
7
30
24
50
38
43
26
42
53
32
2
4
42
31
39
2
36
49
33
50
2
35
51
20
13
44
3
22
3
38
31
22
12
4
9
49
27
50
35
49
27
16
42
6
48
32
10
16
52
11
41
40
0
20
26
45
53
33
45
40
45
49
12
7
1
3
12
26
38
10
23
6
11
9
8
49
29
24
3
26
13
30
25
28
16
37
17
18
24
8
46
3
19
10
8
36
15
9
28
42
16
25
37
32
9
5
10
4
14
29
9
51
8
26
2
35
48
35
2
2
37
17
34
23
23
25
9
11
51
23
1
7
39
42
2
19
45
48
46
3
8
0
39
15
12
43
45
26
13
45
2
50
45
28
0
42
17
27
47
31
28
24
33
7
48
36
38
43
16
49
41
27
30
21
4
26
16
35
49
10
3
40
1
21
14
5
42
53
25
32
10
4
18
16
35
6
39
15
3
4
25
16
42
15
45
21
7
33
25
12
25
8
46
34
26
22
35
31
7
45
51
4
42
12
28
12
13
36
33
11
40
13
52
10
8
16
34
53
31
24
52
20
3
20
11
21
46
29
37
35
36
43
38
20
7
5
31
52
17
35
34
11
50
3
39
26
29
9
52
32
45
38
40
43
23
21
48
53
20
35
35
44
17
24
30
5
17
30
50
53
24
11
20
29
45
33
23
25
43
23
4
47
43
7
40
8
18
5
28
37
39
24
34
53
50
31
46
33
33
9
6
15
17
19
35
3
26
39
30
9
22
39
4
15
14
14
2
42
43
9
11
8
27
32
29
30
37
17
2
28
47
47
35
11
9
17
50
4
43
0
18
20
39
28
15
19
8
1
31
15
23
25
42
5
13
45
43
25
8
37
44
45
32
19
43
36
38
41
25
3
37
39
20
32
1
41
14
46
23
51
42
42
17
50
47
42
25
34
53
48
9
6
6
51
37
16
0
25
1
34
10
52
47
21
52
30
8
10
42
24
49
16
48
48
36
21
36
19
9
37
0
38
29
36
48
15
9
13
3
4
3
42
22
18
18
11
17
31
6
21
17
20
34
44
53
34
13
5
26
40
20
10
2
38
14
49
26
38
23
13
2
19
52
21
12
11
32
4
21
36
14
35
23
40
4
15
46
44
32
51
53
28
8
38
24
32
41
39
53
43
16
21
4
50
8
5
38
39
41
26
28
20
14
27
49
31
10
44
29
24
50
29
17
13
32
4
8
34
37
35
5
39
51
47
37
22
4
49
40
28
17
9
43
18
49
3
32
32
0
50
33
35
45
50
44
48
22
41
52
11
30
9
48
49
24
50
4
9
42
41
41
46
31
21
12
38
30
9
50
43
9
16
19
28
35
4
31
37
22
5
30
53
6
34
18
30
4
29
0
7
12
2
6
22
4
6
32
9
20
5
22
45
7
16
25
35
38
13
42
53
27
18
12
46
25
50
23
38
23
47
28
6
17
31
13
1
22
42
5
43
19
12
31
52
5
20
36
19
13
47
34
36
42
19
22
39
50
0
14
17
13
19
20
52
42
34
34
0
13
1
38
35
1
18
53
51
39
0
5
40
1
24
14
27
0
6
49
52
34
52
37
45
53
39
15
28
32
29
22
13
31
52
19
9
53
35
36
29
34
27
12
29
47
52
9
0
4
48
0
29
49
7
44
37
11
30
41
12
22
1
44
7
14
16
41
9
4
41
33
48
32
35
44
27
41
11
32
17
11
16
0
5
22
39
14
25
33
45
50
28
27
21
17
8
44
13
4
41
24
4
42
29
22
47
24
44
40
39
26
34
42
53
0
33
51
12
4
46
47
0
47
3
37
25
28
15
20
1
16
51
15
14
0
11
42
21
42
4
40
37
18
24
51
9
51
49
9
38
27
16
12
51
48
30
42
4
51
3
3
18
20
47
12
12
30
23
33
49
40
2
44
16
36
31
9
42
39
43
44
36
23
26
47
35
23
26
49
33
13
27
18
21
3
2
37
1
28
44
18
16
10
10
25
7
22
51
10
29
48
7
51
44
34
26
49
34
41
22
36
6
29
42
1
45
32
4
45
21
46
8
42
41
34
2
27
5
44
53
5
34
11
25
42
29
41
38
19
4
21
13
41
3
14
25
4
15
4
16
17
5
17
9
52
51
26
6
39
13
21
53
45
11
48
29
14
52
3
31
32
42
19
5
38
9
43
41
5
39
31
10
39
52
53
6
27
39
4
40
21
15
15
1
37
34
32
26
24
5
43
2
41
44
5
50
2
37
50
18
30
34
1
18
48
41
36
4
43
40
33
32
20
40
37
41
20
23
9
46
37
20
30
32
44
53
7
51
23
28
53
50
50
43
46
19
47
42
52
3
6
