25
7
36
50
24
22
0
25
47
40
32
53
12
1
9
35
16
19
38
29
19
35
13
42
17
37
6
8
16
6
29
46
30
14
14
3
46
49
48
35
53
21
5
41
49
12
7
6
33
18
34
24
43
33
53
20
48
28
52
22
32
38
5
9
39
5
15
40
35
51
14
16
46
52
51
28
49
6
34
24
14
15
7
31
10
11
50
22
33
53
26
24
4
2
43
38
51
48
22
1
17
22
41
3
13
24
33
6
53
39
19
8
27
53
24
1
23
40
34
34
17
12
22
27
6
21
51
31
19
31
1
5
45
7
33
22
7
46
22
30
38
12
10
13
42
11
48
38
53
39
9
16
50
53
7
10
46
19
15
32
51
32
34
43
26
22
6
0
0
17
33
28
51
15
17
42
31
47
39
5
1
18
38
41
44
26
0
12
47
20
12
1
24
3
52
24
5
28
17
34
11
7
2
12
35
43
22
40
21
6
8
2
34
14
20
24
17
52
47
18
51
31
4
33
21
4
2
37
23
41
48
8
42
13
33
25
42
51
8
10
52
49
33
48
22
34
12
52
33
2
5
27
13
50
45
40
34
21
32
51
46
26
22
44
17
51
28
52
28
15
53
26
46
40
15
51
14
22
37
32
41
33
22
18
37
27
50
52
48
14
39
43
17
31
40
43
10
41
14
51
48
15
6
0
10
35
50
1
23
42
0
48
3
48
27
44
25
2
20
37
37
27
43
41
24
2
39
1
1
35
13
49
16
52
41
52
35
21
45
20
44
3
5
33
34
39
22
15
2
50
10
11
25
1
34
19
2
50
7
8
18
24
23
41
38
1
35
28
43
3
11
44
27
33
34
50
10
5
26
28
7
5
1
48
53
12
50
15
36
29
46
50
34
30
17
5
39
43
41
6
29
38
31
4
30
11
18
41
12
0
25
17
7
28
53
34
52
2
43
0
35
40
18
35
23
45
11
41
10
52
20
3
47
20
37
28
6
25
28
27
12
27
43
3
39
37
41
34
2
53
45
23
13
33
14
2
46
43
31
39
44
5
13
23
0
21
26
50
32
39
53
50
19
50
12
43
39
27
4
21
40
30
9
2
53
24
26
10
15
2
50
6
16
37
9
8
28
43
21
37
18
52
53
18
10
31
37
18
10
20
13
45
3
41
48
53
24
43
13
51
15
53
34
29
23
20
37
19
50
5
46
9
21
9
31
53
46
22
20
38
43
28
2
49
0
7
41
41
5
48
32
22
46
36
14
35
34
18
8
50
24
16
8
20
25
41
10
39
17
8
0
48
23
30
49
12
27
37
2
44
29
19
3
37
47
4
50
0
39
6
48
26
53
7
17
41
19
27
25
53
2
34
32
42
2
19
13
5
29
24
37
37
47
1
33
1
42
26
9
3
47
24
41
18
25
25
32
25
22
19
13
45
38
13
7
16
43
6
3
39
29
51
41
9
21
7
45
53
30
9
39
34
43
31
49
50
14
12
43
31
19
49
52
27
20
46
40
50
23
39
45
38
3
6
7
46
27
39
21
3
49
16
52
15
19
36
39
22
2
10
12
49
18
44
11
52
41
42
3
19
41
17
39
37
33
24
12
51
49
14
37
25
39
10
9
15
7
28
9
27
39
21
33
41
12
32
22
49
47
9
41
23
39
6
45
26
47
19
22
8
2
30
44
8
43
36
20
34
31
30
9
32
43
26
24
5
7
35
6
46
41
24
25
21
16
28
48
8
1
40
10
2
36
50
40
4
42
43
15
22
7
0
26
4
44
33
27
50
14
30
4
34
37
14
42
13
0
25
7
30
20
50
1
26
50
32
40
44
17
40
28
14
41
21
32
0
7
16
31
0
50
30
1
51
21
22
37
30
24
53
21
7
19
39
6
28
22
13
6
14
34
3
3
19
38
12
2
45
52
40
33
30
46
18
17
23
36
13
6
17
11
2
29
40
29
43
34
10
31
6
4
39
5
53
53
17
20
51
48
36
33
14
47
32
39
6
3
37
13
7
40
8
50
35
1
53
6
20
8
53
28
51
53
13
15
14
23
35
39
11
26
28
3
6
31
9
52
45
26
40
45
20
13
42
36
9
43
37
26
52
10
12
43
27
42
2
5
52
44
12
34
13
24
50
33
23
32
2
44
38
22
40
23
7
23
41
30
49
25
30
10
34
12
46
34
9
35
21
17
40
17
12
36
35
49
44
3
27
29
33
34
3
6
45
51
46
53
19
34
1
34
14
0
12
44
26
20
49
52
34
