9
19
42
7
15
25
31
30
12
51
26
0
45
24
13
43
30
17
31
45
18
42
35
18
49
1
0
6
32
44
31
18
39
36
17
19
21
51
9
29
29
11
37
42
29
48
47
52
2
18
1
10
35
37
31
51
10
6
46
24
12
28
34
9
29
40
20
45
26
32
28
6
32
21
9
16
44
50
31
45
10
14
14
25
37
33
33
26
46
18
28
43
41
39
33
28
44
29
34
13
6
16
50
40
11
20
11
20
7
41
24
27
19
52
35
40
16
45
37
46
23
17
49
11
2
52
50
27
46
8
7
52
20
23
37
25
4
31
4
3
42
1
13
13
40
30
27
22
53
40
50
45
20
46
6
21
3
6
28
34
50
50
42
51
26
39
48
13
4
0
47
19
44
23
28
40
0
9
13
29
6
15
5
51
46
20
0
7
20
43
34
31
23
42
8
47
29
29
18
26
36
14
36
9
1
52
50
21
46
46
50
42
17
47
6
35
42
43
0
42
46
6
34
4
12
37
35
30
33
21
43
44
31
0
52
28
15
2
34
49
10
42
47
15
5
26
0
44
7
21
1
5
32
26
15
16
14
33
40
33
50
31
30
12
36
28
10
52
14
7
15
11
13
38
33
2
43
1
48
17
29
9
42
22
12
46
1
12
24
28
34
17
23
12
53
14
15
33
37
22
6
27
47
28
8
34
8
21
39
48
27
2
4
16
17
48
15
2
44
23
44
37
52
39
32
26
38
35
26
41
48
49
38
13
11
41
35
40
19
42
26
45
32
53
17
49
38
5
51
27
48
3
45
15
1
7
22
0
37
2
48
26
31
1
44
31
17
9
6
34
39
40
42
5
53
41
33
2
8
48
4
8
3
4
3
8
51
39
38
34
43
9
30
51
34
10
47
21
19
3
39
39
12
15
10
37
30
12
39
53
10
27
17
28
1
42
53
53
22
20
34
26
28
0
8
49
47
25
35
3
27
4
6
52
34
14
20
1
32
22
32
38
10
44
34
15
6
27
12
25
18
49
25
1
49
22
19
41
9
25
27
21
23
27
51
41
46
15
25
43
27
38
20
35
8
52
3
41
8
31
44
2
4
22
32
34
46
50
34
52
50
33
30
52
39
46
2
12
39
31
40
2
29
16
43
39
40
12
30
50
37
36
47
30
36
51
48
19
30
43
6
38
33
27
25
39
39
40
27
27
48
25
27
25
0
45
36
29
26
0
18
32
20
8
24
23
24
19
8
41
13
17
42
37
38
40
6
35
30
1
20
32
3
37
12
7
30
19
41
52
18
16
12
39
34
52
36
51
45
28
48
16
9
16
49
17
43
42
39
47
22
9
13
12
23
16
1
10
45
23
42
45
21
6
27
8
32
26
5
44
24
36
23
34
45
51
40
7
2
11
16
51
8
45
14
0
18
33
9
3
18
36
41
53
53
24
41
29
12
45
19
52
21
2
3
29
24
50
24
16
39
8
7
20
0
39
27
53
18
30
8
42
24
17
29
24
46
16
8
24
46
20
0
36
49
44
37
36
38
31
16
35
9
4
33
21
38
41
16
13
14
4
40
29
47
13
34
3
38
53
49
42
36
23
34
45
5
13
30
0
40
30
4
37
50
32
22
1
39
22
5
48
40
2
23
33
14
4
16
6
52
42
51
26
43
13
17
29
3
53
15
5
19
31
42
0
3
44
42
17
47
16
25
10
51
8
0
19
51
35
42
23
44
40
51
22
22
14
6
48
10
46
7
53
28
28
30
52
49
39
4
53
0
3
12
5
24
13
30
36
10
35
50
32
23
38
27
26
6
34
1
5
42
34
30
3
5
34
49
27
46
50
41
2
7
26
4
47
23
47
34
28
23
33
52
24
26
42
32
8
35
49
6
38
46
16
51
17
42
11
5
15
29
31
16
53
40
48
14
4
12
51
27
43
52
53
33
46
49
39
19
53
44
0
46
17
9
15
38
46
22
16
44
7
13
33
36
53
13
37
34
38
49
50
52
25
42
38
16
39
52
0
52
35
34
30
40
13
34
15
26
29
20
44
9
31
26
10
44
25
46
15
45
39
18
51
10
44
33
39
46
10
23
36
47
2
41
16
9
37
45
1
41
2
21
42
45
43
51
23
33
48
32
9
43
35
15
20
46
10
22
2
8
13
7
45
18
35
8
44
32
1
46
27
27
1
25
51
27
39
31
16
46
40
33
17
30
30
49
34
31
36
43
44
17
19
42
11
5
18
1
33
46
18
20
16
21
32
8
28
27
23
1
49
35
50
36
42
10
15
27
9
29
20
4
46
52
31
46
48
14
7
50
13
45
15
52
16
48
5
53
15
47
39
11
50
0
8
0
28
4
43
17
39
25
32
13
12
41
41
53
29
36
22
15
48
16
7
38
27
49
3
13
45
21
6
17
16
36
46
20
32
22
1
51
49
36
32
19
13
14
2
21
32
13
22
51
2
1
6
53
14
31
18
50
12
6
44
43
9
10
9
14
25
49
34
33
48
26
15
9
31
51
33
34
0
42
40
13
29
11
50
29
33
8
39
0
35
2
15
48
7
17
11
29
33
47
17
50
26
1
24
52
40
29
42
40
47
46
21
0
41
0
35
49
52
25
30
46
32
0
36
8
38
28
35
9
23
19
13
47
21
49
1
36
41
29
6
17
40
3
49
4
6
29
36
43
50
17
41
3
4
48
47
22
51
48
23
14
18
39
38
53
39
32
38
11
2
5
1
10
41
26
37
52
46
47
9
6
30
18
4
15
13
5
29
47
29
11
49
25
6
21
5
40
41
34
45
6
35
53
28
2
21
23
43
41
51
26
30
50
34
53
24
33
6
8
26
29
48
14
1
18
29
42
2
20
0
22
25
20
33
0
9
30
7
19
40
14
24
44
18
42
23
41
45
53
38
39
20
43
35
25
50
17
11
34
52
37
23
1
39
31
39
26
21
33
37
5
40
27
45
13
11
20
27
48
9
51
15
40
27
19
22
39
38
34
41
22
34
22
0
23
20
10
20
3
52
41
15
18
2
15
49
4
15
14
48
51
29
32
49
46
2
19
33
25
26
37
7
8
11
27
24
47
38
12
41
44
39
3
10
19
34
10
36
2
42
0
29
53
40
44
15
8
16
41
47
0
33
29
9
23
20
50
14
27
34
6
18
29
35
3
34
51
10
39
32
45
41
27
47
39
48
44
41
1
24
1
16
8
17
40
33
27
45
34
2
16
2
41
24
17
3
2
45
34
7
41
6
53
11
26
38
10
26
42
37
21
19
48
17
2
20
19
2
0
52
36
49
13
18
48
15
15
8
31
20
9
8
6
20
4
19
25
23
21
33
51
47
8
37
35
27
12
14
13
21
27
40
37
20
34
20
40
2
40
38
13
38
12
43
32
11
53
15
36
22
22
20
39
28
47
22
26
51
1
18
36
26
33
0
36
14
48
27
45
20
25
9
37
5
22
22
5
21
32
34
27
31
36
38
13
8
34
12
1
32
3
25
0
49
11
43
42
6
18
49
6
2
11
46
44
33
20
14
53
6
34
45
1
20
23
13
6
0
17
35
19
52
9
38
45
6
49
8
36
29
19
15
15
47
30
23
21
27
21
0
48
39
43
13
44
46
31
34
19
28
1
1
4
10
27
24
13
46
44
0
48
8
46
29
26
47
1
40
38
41
2
18
25
38
7
47
3
6
38
49
33
8
38
48
40
6
41
35
16
37
32
18
30
25
50
4
1
41
14
41
38
0
5
46
38
52
36
6
44
50
19
17
37
27
7
38
24
44
49
19
53
50
31
39
20
12
35
0
34
28
39
45
8
25
46
13
14
14
12
44
37
36
25
15
13
25
5
35
40
18
51
29
3
39
21
47
40
51
19
41
36
22
20
14
8
23
30
40
8
51
35
33
29
22
17
27
44
51
44
40
43
30
53
4
28
25
34
40
16
33
53
1
46
6
44
51
0
39
4
39
37
2
3
28
36
17
23
33
1
29
34
18
39
26
35
3
2
15
49
32
30
40
38
40
2
10
35
26
5
34
50
35
33
19
30
37
3
18
47
41
53
34
49
31
15
37
35
19
43
3
2
28
47
38
47
29
21
39
47
22
12
49
23
11
29
3
5
29
53
5
44
34
10
40
17
24
38
52
32
19
27
24
31
3
37
6
9
13
36
13
45
33
7
8
13
41
35
21
28
2
47
52
16
37
18
53
9
42
48
19
3
1
41
14
30
13
47
41
53
42
46
49
13
11
12
22
2
52
29
36
2
13
15
30
13
34
38
51
6
38
41
19
2
10
27
6
27
36
29
25
5
17
4
52
25
27
32
51
24
37
25
26
44
12
19
17
40
5
27
36
7
12
49
14
22
5
47
11
35
4
51
27
31
26
32
21
6
12
15
20
17
12
37
13
42
0
14
23
33
37
36
1
35
8
25
4
45
9
11
31
25
47
38
1
48
5
15
44
43
0
45
51
9
34
13
46
44
50
6
50
6
7
46
13
2
11
15
14
46
0
21
17
