20944
24112
31889
18785
25806
30027
34914
11676
25317
19840
38258
20608
34871
36801
31818
28429
21276
35979
24846
36581
38512
11609
39724
31311
11439
23904
32608
38168
12688
38077
11558
18537
39400
33920
17487
39521
33087
34131
11396
32409
20876
12152
13120
21647
33626
39972
17283
24012
21109
22462
15064
19672
19956
28324
17485
35995
34068
32801
11853
11157
15532
31069
18137
25413
12651
31657
24487
21524
31289
16656
15712
33238
22374
27720
29796
28927
11788
28686
18884
27965
21227
16638
35940
10016
28401
30002
33044
18654
19890
21367
37731
36225
36144
17306
31164
33297
23279
12109
12824
13750
32622
38748
27552
26877
10058
38337
19961
10430
35728
38254
21835
23100
15914
25893
14342
21415
20692
34209
31385
27871
10657
18105
33671
12118
35551
29956
10427
37053
21260
33459
22189
31631
23649
16192
37913
20781
12873
16210
13005
10700
32574
26806
10205
36487
22159
24596
18092
38673
30095
13021
38166
33766
28691
26735
17099
17838
32822
24728
38503
11119
20188
28723
36951
29399
23157
30616
34830
15044
24317
21442
24802
37347
29242
37737
38743
38442
30267
25710
24268
12823
36387
30284
30843
12144
34754
22279
13226
34801
34851
36424
31362
25436
30468
38245
30699
10884
35254
14792
21877
21897
22994
35216
29472
14298
36983
31262
15367
13258
12147
13657
25958
13563
11836
18806
24482
36753
39493
38625
33979
31475
27892
20006
39416
17733
15865
39512
15703
12203
38564
39796
26148
20267
39786
23638
39563
23905
30286
15476
13689
27484
25473
33227
36922
15459
23928
33817
34526
22013
37286
38074
15324
35736
36754
17240
29541
28584
37372
36526
19906
15749
37986
16010
16574
31831
31426
31398
24728
33781
25069
21076
20639
11170
25202
32753
37517
18556
13477
38913
36303
34781
24270
32740
28124
39993
17525
16914
21385
22373
33817
33087
26388
27228
28237
36784
33507
24331
35349
22312
18518
37731
13991
38165
27716
35310
17417
19463
23144
31719
15985
37011
11590
15204
22419
24359
15119
36116
27360
24648
26138
29513
38805
13992
32879
25089
38770
35999
18665
26393
14494
22009
30763
19873
26830
26814
30199
17170
24521
39647
37378
12810
11262
16101
24298
29121
32047
35695
36453
26482
16925
19448
26629
10244
12306
37264
28612
20861
34365
17436
36677
35833
13426
36142
25010
32982
20672
13037
28006
17170
29363
16328
32114
39735
22198
27016
14073
30976
22180
35492
29829
20622
31662
35320
29308
29643
38992
29960
25573
11224
24514
20504
20389
28707
19557
32784
19991
31103
27550
28016
29382
25440
29899
11831
14607
32570
23417
23816
11261
28836
22067
31957
28635
33791
21335
29164
16592
33320
37099
32536
35240
14519
13969
23444
25919
15729
12822
27891
30902
29725
24008
36540
15149
27167
15510
11907
39272
10323
14659
25830
25301
34914
37372
11680
22740
24244
21907
29106
32602
20414
19963
29545
26244
19248
19177
19004
19430
20299
39648
28813
22121
39076
22650
20955
11994
16493
34049
25526
11763
28331
22396
30625
13790
21765
38563
34459
22459
37681
27235
15903
12805
19643
28699
31506
29446
32189
25050
31514
30351
15992
25232
16887
16009
34913
19088
28499
25272
13241
21852
30434
34781
14010
18265
31164
35748
15168
12506
34404
20892
15643
17498
39793
12703
29157
38241
24498
29004
10467
38287
12629
10782
20326
32061
27620
22441
30609
25305
28507
22561
20400
18188
19500
37059
17741
24802
16845
38807
32985
26746
28447
28252
35668
33377
23888
19245
16943
35468
22953
13633
37749
29992
12261
26307
14879
37889
35546
22450
15108
13851
23557
12369
27006
31304
35320
39895
27800
38910
25707
10612
19270
20340
39350
12341
27730
35372
14942
23375
11734
30002
36943
10865
24211
37098
35236
25459
27115
15462
14247
27656
15544
25943
23334
23685
15041
33416
14652
13350
11482
13959
25163
15457
14411
32452
20882
22490
27248
36063
28626
31016
27374
34145
27562
25513
28125
26391
36280
11048
27122
15558
26182
12488
34714
29926
20328
19514
34351
28693
29966
13744
22708
28861
21097
17095
20538
37543
11281
31587
35006
20448
24640
37566
11152
35639
22903
26565
20099
32878
38075
35838
30276
18250
36678
34223
19870
20195
10173
15503
30896
30882
31436
35024
32624
13455
15106
28273
33320
11104
16632
32723
37673
24315
24401
32670
31534
32100
38498
11742
33381
16891
19457
22104
16098
35411
31995
27167
11677
14099
39502
18422
29241
21388
25469
17558
33915
18675
36382
39599
31331
27221
30647
13105
24758
37239
14704
14520
22226
35430
35925
15697
26108
10129
30731
39491
38272
23500
10520
11814
17972
36186
20043
32195
12046
19754
17534
36912
34439
39292
24155
28858
23143
12455
19510
31758
24276
10985
28771
16576
11597
37606
38957
37626
26661
39101
21834
39604
19941
28783
32370
12107
11733
34590
14981
14019
23560
37038
26908
31161
25447
39879
29308
25531
10174
13523
35161
30186
30853
15925
37067
36963
14757
12019
35602
13668
38321
21597
17072
18062
22940
23497
35896
35211
20217
39095
31802
36385
37275
33107
19306
28212
35174
21576
39311
13378
34521
22609
38126
35850
32139
17692
19986
35836
12467
27664
13374
21932
29313
20060
16497
12175
14754
29285
17422
34442
17689
15716
28694
17131
33963
20796
16217
26879
17477
28520
22551
15194
27687
22606
22169
25407
26565
11331
17132
18608
35953
31753
23342
15785
38732
28826
21846
36864
34783
39820
21472
16600
19863
29043
20974
31168
37965
36532
20004
11832
24578
19113
20007
36791
23336
17563
37849
14190
37777
22286
25282
11198
26374
35112
21434
19711
29761
36181
39329
37902
33772
37716
14312
28150
39900
35607
26814
25445
16499
18114
32822
12089
37288
30301
18530
13032
32075
31581
33917
12408
37864
32892
17842
31273
14757
24289
33967
33410
38252
16256
33607
21089
22738
16842
35766
31147
39141
34280
30984
22987
39999
16733
26555
15574
26375
30533
33485
18645
33769
17066
25679
18338
10356
19311
36585
20176
11487
22241
12710
17192
35464
33305
39486
11760
21426
23355
23372
10965
33625
22085
37638
27427
33748
36889
38839
13557
37199
29394
26869
27363
27800
39328
20339
32474
13657
32648
25636
16433
25476
11041
25173
15018
32780
34401
14877
32430
17254
18944
31630
13693
23027
33685
11118
17763
25257
36133
23064
14679
15257
27041
21598
36943
18580
24606
19826
37114
16004
11895
24665
16589
13693
36543
24061
34786
12801
22011
34265
13090
37588
37056
22093
28671
34038
29113
27528
32431
16926
11547
12307
17359
39556
21930
10804
37582
38959
15708
26646
11390
29828
21240
36739
19083
13783
30687
30609
38489
26142
16892
19733
24255
14970
15887
26308
12441
23830
31148
25335
30252
20921
35418
21771
33442
10499
11073
20844
28112
17194
14457
12260
39001
32901
13187
28423
21504
26831
22900
16995
26978
34060
12571
13004
19389
35302
29167
34607
20317
21036
30175
17532
12561
37610
18525
15356
20517
13783
11512
30199
11811
33677
37230
23617
11493
26163
35209
14377
26839
33122
36003
39944
19823
26774
17635
29934
16191
28295
12149
28952
23062
34215
16664
16627
28048
26944
11052
17876
26456
27161
35540
27061
24727
26162
10950
24744
11373
35970
35227
13839
17679
15566
37271
31232
29787
32221
27056
31728
22923
26890
10248
25757
29582
29615
37004
10569
21129
37692
12800
17631
37608
12437
25558
13299
24022
24227
25796
39793
34189
16871
10565
28773
14945
11613
24131
31530
37302
38693
26941
18377
30974
22489
33858
36601
19370
38718
39950
37449
33283
11909
22999
30976
38609
30581
10225
37992
21103
29578
11626
38610
19462
22967
27704
28335
35847
10788
12012
22860
15577
26448
26081
23566
28339
21679
17127
33669
30366
28784
29007
17261
12691
31455
30691
39534
37742
13940
28139
36328
29648
19472
32642
37667
12142
16124
30953
24988
29184
34199
33756
22477
31271
22909
19148
34153
12810
34112
26500
16591
32540
15857
38760
32403
30832
33579
13896
35311
16734
19562
22229
33598
11920
31420
24890
10078
13652
32883
29848
10771
20324
29076
22983
27142
25893
10488
20757
13577
35692
21219
16573
20820
34377
29489
14357
35423
29890
21167
17230
17736
13932
39541
21485
35959
33798
17523
24976
28778
18033
35816
18469
24531
31781
35850
25813
28129
31502
15850
21614
39384
16929
20546
14854
37751
30466
23321
14256
18944
17168
23654
15656
15535
19513
14694
30618
25582
37731
21963
20126
29191
16874
25019
34070
32108
33736
31039
27930
37461
13145
20398
17737
24349
17050
16779
29764
17271
19956
27274
20923
24624
21793
32604
21409
25779
30825
17375
18044
39438
12442
21838
13593
14761
15673
20077
17401
12137
10957
36315
18547
18004
20060
14133
39624
33621
17954
11008
30271
11927
10553
39549
18667
17587
37671
17531
38008
23212
20675
26339
22526
10329
21112
25723
38220
29977
29314
23090
16096
19036
20887
15717
21788
12763
25010
25327
28441
26626
36668
37002
24217
21068
18176
39498
22527
17400
17715
16589
33623
13586
22616
31659
21276
38100
39744
12916
31572
17468
37960
20315
17516
24592
30639
36783
33937
33000
23931
21073
34778
31484
35644
29065
26003
23894
33543
34778
37659
29018
37060
16226
21770
34972
10593
27662
14167
25723
36867
31008
14319
36769
37325
10845
39015
18491
15799
24111
33387
28051
31062
26470
16677
20297
30746
31891
35020
20689
18581
26611
26046
23539
25805
11456
24069
20488
36399
32370
20865
16417
19567
11479
23610
39302
14431
18492
22978
25787
24186
35762
26163
33508
39961
10532
14675
29588
32407
30604
26009
34238
36954
24016
16339
31784
15737
31928
34338
17177
15421
23349
15178
35638
31841
33624
21096
31843
35774
33179
36422
17639
15276
12787
21596
33997
16317
27592
37050
22402
19858
21984
35153
37477
13582
27566
13883
14136
34240
26627
12018
25247
20312
19008
30501
26696
19658
27199
25550
10079
11542
20201
20434
35609
25133
17507
19381
21427
20478
35145
15233
28481
24003
11807
20829
15311
13584
16658
21144
14570
10412
11546
23908
25100
24402
10149
20023
16237
14801
32254
31142
34923
31036
32611
17304
30222
14991
38687
19846
24014
34497
34284
23026
11662
10683
17006
17117
36993
33486
33551
21032
30495
22013
34661
12393
17454
29605
38294
28108
32187
36383
17393
16331
17719
19142
29809
32265
18219
13827
20547
14922
19553
15220
36998
27955
22158
25429
18088
20254
14374
11479
28140
27982
36007
33067
24910
34512
33940
27944
31109
11761
26278
23415
18162
35050
23050
16116
24993
31310
14929
30154
14242
11934
11148
27613
12073
14192
23833
28799
31334
10399
12162
13244
26860
19240
24925
23592
18283
28155
22345
22226
27961
20771
32521
10233
37606
33358
38236
30085
31321
32679
14703
17860
14404
29430
21335
12107
11489
19455
23369
12478
29783
15505
37702
27116
20784
23717
21263
14747
19946
24078
38914
20021
22674
34362
34783
36611
11857
37835
36666
19786
16271
36543
16905
27932
38107
31675
12977
26470
11035
20859
18347
27726
17588
30269
10549
30525
36468
25258
13894
29854
15384
10470
36917
36464
11927
13042
33259
31707
21055
10222
34563
21911
34644
37862
29009
15200
39789
22591
26697
12986
25934
20751
19994
17142
39861
24127
34139
16004
13452
35336
26206
37882
22917
10974
30221
39472
33010
15352
10128
38318
38154
17027
22308
20644
26087
29041
18720
36675
27857
32023
13862
15398
20738
32120
29952
20146
24934
19168
21526
25644
30821
34662
24973
25284
28422
30733
19163
19996
28815
28364
31629
38146
34865
28040
10140
19134
31140
35583
10435
30810
19534
27222
10527
23827
11372
37984
14834
24768
21465
24089
31080
34984
29473
27305
29397
18904
18694
12511
22527
33512
36987
38789
23842
32106
23803
16611
20152
12643
11737
22194
32190
14937
30075
26730
30325
14471
20675
35707
18980
27178
28585
32067
21079
27731
29378
26482
11484
33072
29950
29672
26125
24429
16047
17320
38370
22335
17223
22563
23282
13176
28705
26875
20984
15289
31746
29443
14522
37059
34726
24945
14506
28277
35873
16769
19934
22745
31449
31614
20684
35849
28014
22337
16756
12588
39560
29765
36195
19781
22809
39464
21033
22617
13345
16405
15972
18427
12234
20915
10428
35277
19947
33058
12960
16483
18199
29028
34645
20578
35648
16285
24140
24664
38056
20614
29383
21365
28160
23971
15735
36010
22580
15313
34961
12061
34936
19178
19102
23292
24748
26538
17936
12958
18854
19048
11237
39219
35879
16966
27044
33503
31531
23744
32318
34264
26454
31682
36063
39788
22840
37537
26063
21400
20675
22901
22831
16603
18515
39868
31566
27051
30747
17426
19593
11985
15815
20241
19319
11005
29203
32750
39215
31297
17205
21240
16760
39926
20641
14008
27488
35113
28555
30900
19840
29729
21646
35706
26642
38109
28445
14314
17513
18783
20386
32955
30119
33882
33290
22333
13112
24772
39108
19472
38643
13584
19979
23615
32770
26758
17961
13034
10718
13940
23877
39183
33939
13571
18063
24916
12940
33055
13908
20674
10746
25378
25087
30781
21916
26858
15568
25817
16206
23612
14511
32471
14025
13500
34172
38175
38061
32528
11678
26961
22627
19653
22460
16023
11300
19692
18874
27700
15375
35632
35254
24945
35732
12557
29434
14017
12640
39210
16489
27098
38195
29145
31821
31075
27835
30916
26807
35145
38149
22167
38434
16043
38054
32972
37565
22182
25319
38327
19793
32522
14711
27364
29534
39502
36126
34460
16229
23567
38508
14527
14961
30568
11646
36311
21184
20161
35827
37763
22017
32994
31102
21084
17123
28784
16933
11125
27722
26692
26761
18114
24859
10358
10663
31437
30868
35332
37964
13607
34799
13324
18169
18116
19154
27858
26663
27365
26439
18757
15158
10631
28092
35218
26457
25585
36154
10266
11458
21681
31132
35780
22147
20625
14614
21231
17083
11591
26777
26434
10235
27262
37498
29346
15879
38757
26616
39325
23426
16465
29230
28560
20773
33371
10942
32378
14849
17074
29505
23892
27026
23924
34164
14701
20565
33299
18650
26755
26595
24176
30944
27714
22584
26787
19275
34890
17130
20735
26353
15119
11276
24247
21233
17479
25557
29239
35942
18556
39024
20836
22829
19016
33372
31901
14422
23058
28651
26220
19185
35478
36405
23122
16424
19806
17674
30950
18114
29182
24761
14306
29596
14740
30024
24120
37305
38179
19313
14176
10430
31313
17947
15714
37908
22276
26373
35938
10228
30271
30885
29974
30471
30636
10494
34079
35529
28224
21730
30971
15522
21811
22375
20688
29068
22502
28462
23947
35046
24555
37149
13712
22248
20305
27590
30584
35259
33082
22765
31223
34769
32018
18734
25198
37294
35969
15056
11309
18706
29530
21636
24184
14757
30435
28528
13272
21986
11082
16978
30418
14802
37450
24431
18404
13717
11663
29685
28383
14386
33655
26814
20261
11743
13390
22995
17566
25027
35530
12397
32332
13059
33995
17111
24546
17586
29753
19798
24029
21435
25278
32203
13644
15204
39829
36299
18266
24349
17198
32589
31826
19537
36951
26213
17620
18103
22833
21776
38014
12047
31245
21234
38109
36191
12180
17920
13685
17819
19823
33543
39535
35009
32238
38305
25016
17314
23125
25052
10925
25492
21205
22389
30922
34322
22217
34398
21130
13465
12333
31061
11781
38345
30918
30505
15032
19473
18335
13419
22442
17269
23358
11579
30727
25981
14399
20493
28448
11980
39315
29899
26188
18428
10662
27983
22476
30417
11142
29354
32986
30291
23258
17409
11296
19038
31286
35126
16403
30342
35968
13522
17058
20836
11165
25385
11769
35409
19134
36545
37805
35529
39954
31690
22707
33677
10165
38186
27798
26701
13466
37014
16842
24317
31193
23897
36805
35766
38274
24090
25415
35313
23412
35091
38272
23726
18317
35548
21235
38284
33778
18496
36583
39081
21753
39638
26248
29157
12536
37218
28570
17058
36924
22141
16857
32886
16137
15552
15056
14397
27099
25555
39468
15997
39149
18690
36149
15920
19712
18352
17065
27349
10005
16485
17469
29205
31525
20687
33906
12910
15877
19661
11370
28386
19085
20255
35751
24703
39343
14219
32135
31111
15968
10642
15031
37171
20982
18277
19456
19646
33915
12458
20006
20620
15484
30287
27144
33512
12257
38211
23286
34106
33708
38709
37407
15634
39804
17990
19030
13534
17026
36024
21099
19521
31915
15126
27174
21794
39271
13115
36388
38452
31669
28337
20509
22339
32273
38801
26520
39324
36725
32439
21013
25137
13879
27219
10666
35349
34769
15403
32441
29066
30263
11117
22663
36811
29251
23170
11226
35610
16010
23512
17360
16885
23622
13704
13900
21633
10496
17488
23723
16295
11002
33541
17695
29132
18301
18894
11310
12040
23896
31874
27832
26848
13626
23035
31256
17967
19754
32214
27877
23784
26793
28127
29170
33885
15215
12537
15634
19785
26116
36567
28482
39547
34436
16678
21261
18443
22196
32231
26895
12338
33238
37599
26404
15512
24464
17149
29026
19478
17138
25270
21502
16250
36159
38764
38430
16428
28263
36885
38628
23709
26830
25291
15855
23080
38536
17338
11871
22477
39589
13586
25277
14439
10199
36312
26014
10438
33442
35322
10487
33715
35104
38340
34808
27855
25224
24080
21152
13220
24713
29404
21435
14709
22925
38096
10628
25165
33207
25013
27319
16487
35253
37547
28308
37698
24140
33249
26346
31504
15391
39373
38180
38113
30887
22380
12626
38716
35711
31036
22055
27355
24809
14261
39784
15946
21869
29037
31342
11543
15745
15356
19024
31553
12174
18057
28862
39283
29660
36816
35478
28675
29404
16579
14317
20037
14881
26363
33461
18896
17805
31617
25986
31253
38702
23338
35661
14091
31930
34049
19068
20537
18119
18088
39301
25793
17762
36633
22437
30013
31285
35214
14378
12586
30831
18636
30828
26227
39505
21157
33201
21739
23163
18726
19297
13037
12724
20888
36159
22286
28305
19967
19614
14982
17297
24350
36423
35725
21243
23173
36487
27081
29950
37247
12949
16431
18738
37108
30813
19218
32696
39574
21277
15561
26692
39740
35974
26995
31162
33937
38892
22287
23068
15866
22577
11867
22133
34356
25372
15219
14491
13196
13616
32265
17860
16730
15925
22860
24283
20749
18823
33722
36567
36084
31072
25964
38030
27007
23228
29391
32666
38338
28393
30783
27123
26564
36078
19073
36234
24947
23770
28883
29478
37322
31907
26605
31640
26975
13411
33733
29282
14871
18637
21334
10340
27996
16191
23003
39909
31266
29848
19769
15152
37918
35296
37644
16683
15408
12909
15897
38779
16955
29935
38974
10962
31538
30715
17645
10033
32789
12926
35270
31134
31489
36664
17663
26275
25452
34620
38741
26554
39697
26830
34764
18130
14208
11130
19867
26197
18719
20377
39063
38290
33218
22295
15034
35897
26073
36993
33972
28479
31042
27817
13503
25046
32535
37760
27680
38576
36708
16169
11102
26113
19906
33736
23136
38868
33867
14002
26986
25742
18550
33242
17268
30580
39402
34582
26238
30930
23527
26969
10047
28068
14515
12091
25460
15196
32179
11611
31206
12877
12532
10574
23798
25781
35555
33140
21487
31991
14797
32023
18138
31557
25044
36007
25278
15842
29596
14885
15751
32634
39857
35195
11795
13555
38770
17879
26260
35434
33198
32988
24250
29109
18713
22164
26940
37684
13958
30332
36334
18128
37861
26813
12997
23482
23671
38473
13465
25634
27009
29973
18686
15365
10900
16996
33764
23396
35087
30429
34812
22667
25707
15688
14933