32174
13009
19922
22700
31142
34578
24180
15243
32162
18488
38169
35212
25155
27735
32111
19798
19797
18055
39620
18836
36576
35471
39698
19585
15601
27207
25241
33514
25467
14687
13168
32574
27960
39611
30963
28453
17512
13051
39533
28814
17897
26719
10086
26084
39317
16110
35497
22317
37496
20143
22714
20597
16748
15999
20748
38175
35150
24510
34744
35190
38329
30985
18290
29915
13593
10010
36998
12796
35260
34254
11008
14073
17917
39969
33020
13280
24758
17827
30421
37926
38275
23895
21694
19975
28316
21877
22509
26318
17301
30747
15644
34796
36884
17514
33807
20131
37506
27929
21162
15838
20157
38823
11928
15542
34621
19232
37833
17225
15602
32138
36059
26504
25936
29354
35406
37552
28894
25425
39249
38208
16828
16292
39393
32873
28438
34863
29388
11791
11830
13868
27555
15775
16568
39850
11567
20788
14631
19981
34884
30401
24387
13581
23398
32434
35076
11495
29792
28730
20443
31580
35760
17721
29075
26548
37464
20455
26575
33953
14203
12864
10765
27502
32626
37206
10233
39952
14040
26707
36464
28165
25069
38543
32539
37600
19389
26731
16172
28816
12264
10168
33889
33528
31893
37424
34974
24042
22036
13950
18817
39407
20710
15068
24062
20050
16097
26413
20402
39384
39288
33223
17810
12033
35599
20381
20383
22134
17969
12072
24156
36720
37750
11613
20800
37449
35716
26232
33410
32886
35282
23427
35909
15592
32294
13817
18179
35675
37232
21726
14012
21127
11725
15075
25423
29120
27311
26905
31650
12950
14817
28447
29877
13549
38865
21406
24150
37477
27761
35288
28913
23158
22305
30743
31114
13133
21492
21106
31642
24942
34039
27173
35591
34436
17743
14190
35990
12720
10830
29297
32506
28182
15894
16001
33364
18559
26013
16133
12714
29446
21292
34865
19923
28169
25855
14001
32185
38432
27727
26108
35069
17756
29891
11303
21057
26921
30349
35205
27070
29075
27409
12151
37410
37401
31404
24805
12539
36813
15742
22329
17296
12433
21063
22432
32765
29646
21451
37954
16902
33468
11705
26457
39637
18617
10959
30304
11055
31026
27655
11248
25770
19775
38404
18227
19342
18753
24173
27768
16916
23317
11340
26056
10408
39339
34079
35527
20940
13627
39696
19012
36012
39101
15398
34903
14504
38479
11551
35673
30666
17727
38125
12527
19193
34957
26165
19005
23155
37804
14721
16310
30007
35086
18711
32819
34493
28586
35812
26132
31306
14290
18160
16876
33063
26414
12600
27963
33369
32764
32282
32838
12465
19170
26383
38526
20720
29279
26058
34321
28443
12014
24041
31397
23037
29634
39726
32363
20924
33922
12543
21788
31396
39164
39550
38618
16485
27969
26389
16996
24101
28877
11057
15429
29085
15056
18596
11876
34552
32356
38897
34045
10635
19451
14844
38951
28479
37845
19806
12069
24324
26682
23858
21677
20602
18132
23753
28558
17790
10127
22921
26159
37323
35505
14179
28703
11491
27931
14679
39041
34354
30366
20951
14444
16277
39827
30034
18834
27316
21583
14091
14043
22645
18313
31442
21819
39771
15186
32281
21545
20128
23862
10246
23631
17302
37453
37981
21016
31413
17200
21524
31265
14404
19962
14351
15668
12670
15832
33311
38455
12757
25847
39937
39096
18246
30501
34516
16633
12281
21803
38522
29145
16359
36181
30290
29388
15132
30975
18163
34569
36528
20323
25997
29494
13919
35936
11097
15171
36213
30112
22412
23284
29414
27785
31056
31321
29433
26680
26757
37069
27225
20857
39142
10031
32587
17113
12089
14698
18176
15387
10474
37147
10701
32947
16181
36353
21445
19746
34742
36066
37444
14580
23984
10221
13440
12506
23270
27498
23060
36460
39175
17115
36191
16747
11060
16806
12482
29320
13456
23515
33467
39763
16441
30188
17952
23106
35890
20192
17360
25844
12772
16025
25659
27221
33338
21061
23718
16727
24441
22776
12153
20596
39972
24933
38860
26937
18937
15326
17983
38693
25656
23322
33471
19930
38150
30206
35165
25468
28155
28828
36749
17969
29534
33496
20719
34510
22123
30835
30825
27510
11188
36103
16198
28750
27932
19612
36718
16272
39175
16307
16048
22798
30373
21903
25750
31770
30519
25427
24008
38087
18775
17282
32051
13474
31562
23783
38970
37536
19161
30799
10816
29525
17718
25881
32490
31314
33887
13862
36483
24661
21504
26891
26923
35307
15968
19354
28873
12453
18100
14293
37395
34607
27909
32939
19969
28558
27090
28693
11279
21164
29366
24223
27127
31801
31408
10433
22574
18623
11136
38866
36507
30550
19153
11114
32104
16606
25527
10374
29537
32779
21485
34877
39120
13633
20389
11788
16069
31419
23699
26421
11143
30353
36867
13657
30721
10214
33129
36812
37746
17040
14624
31063
32670
17325
15204
35793
15680
39108
34208
32447
19064
14210
11216
36091
11323
11895
11098
22363
27970
13836
21267
31336
24610
14559
34809
22967
33475
25938
37295
27413
10715
29982
30623
12401
32453
13463
26939
29913
13365
15960
27675
24458
25225
33048
22684
29869
15788
21637
37826
21126
35909
18766
14792
16357
15006
38807
30676
19493
29096
37603
22546
14983
37606
18978
21459
19736
24291
33570
31213
21906
38038
24201
17754
10620
19966
39274
25651
21244
32048
17178
26048
11302
30318
35969
16759
15841
35938
16611
38663
13375
30074
31668
27576
32907
35799
38465
11486
15420
17794
24632
16142
17857
15808
22796
18706
17382
19625
34919
28235
28544
36399
38574
39856
11095
14628
35454
33276
39944
29468
11054
32323
34100
37894
16800
13599
10315
10346
39443
25537
30563
32081
26479
31662
35676
24479
17349
23571
32865
23576
29386
22830
18795
10959
24921
29407
12252
35652
36030
20199
24522
29315
13066
31057
29358
20874
36322
23696
28140
26862
29533
34351
21077
18437
11917
21116
16083
18540
38517
21521
29383
26320
18178
37032
37613
28053
38712
20809
22900
13029
34421
31068
13583
24705
27556
32564
36101
14682
33798
36018
17744
21947
32761
21720
28016
30450
39017
20994
12500
15603
30140
20521
37087
23938
34555
34436
18806
24922
35663
17072
25464
21434
12626
13808
12538
35739
23397
38605
10886
39028
34641
14065
18504
30136
16176
19689
24165
13106
38307
31021
30141
25269
25388
12731
14812
36281
35259
15567
24120
16891
14329
10466
32818
23500
22382
26745
36997
22923
13037
31738
22854
16147
17994
19812
31458
15429
30170
13893
18096
30952
10782
10816
17698
35572
29252
28894
11317
15133
18994
35635
24635
30881
32022
29337
36925
36480
11936
38046
26337
12475
23662
35721
20946
24185
16146
36095
34012
26485
20172
28668
39497
19454
12358
13571
30843
16567
21700
37802
19743
14434
26583
12118
30833
14158
18119
22066
39170
20011
12879
26871
35582
34654
30148
21597
18184
21634
31926
18196
15054
23851
30234
27930
14553
10736
30702
15807
38040
11913
33301
25513
17845
24973
31108
39356
25500
30869
13038
19518
37349
28247
23233
25214
31776
13288
20801
20582
34757
12340
22996
25208
10399
14256
30741
17498
31069
33465
31523
12184
29536
11202
19112
28746
24539
34169
23239
37658
39288
24880
12602
16524
28492
26520
35882
26154
14655
22619
24105
31354
22484
38642
19625
26435
20365
31304
31970
33036
31740
24826
16351
16870
19634
20692
23956
30075
26915
39426
32597
28048
10957
34116
29561
27995
20530
24669
37826
36335
10756
13711
39517
22572
15948
12175
15768
36352
32513
14290
13133
35151
10836
23759
30801
36035
20274
34815
28821
13135
12452
25741
15759
34048
21127
23865
14688
33074
11873
11352
37718
33020
36415
10215
38273
20128
26745
19255
33714
21844
28034
26835
14639
20982
36187
30020
20487
30518
29217
31764
22964
35311
12518
10124
10642
35784
19744
10997
12352
12315
20499
34780
26650
27751
23447
30437
13700
31794
39159
36530
27047
32955
37709
20889
22808
14763
16835
19819
26649
12496
37171
15744
21851
25335
28366
23616
12808
29379
17332
18425
30608
31354
13317
12181
10190
25630
33390
12372
22679
32839
34707
39221
11930
33077
20363
33748
30068
12729
14543
36080
34373
27036
12715
24442
11822
19249
27580
15933
29793
26757
28822
21614
15457
25734
18120
28397
29537
23906
37751
35626
25343
36567
35400
30151
21331
34356
28261
18092
12498
23176
39057
16681
30443
29190
16969
24452
38373
22782
15047
26426
32955
26525
29707
29518
20356
36098
34874
28275
21236
17521
39595
10885
38881
31236
35177
23014
33037
11087
23208
10123
20067
14811
23323
33656
24212
28193
35362
36843
20356
17227
19073
24332
19589
38076
27154
12950
11353
18537
15384
25990
21965
23245
35981
34622
27532
22441
18554
17529
26210
35042
37239
18597
25722
14437
19427
10483
24948
38544
32893
31166
27833
10361
19935
20212
39510
14810
23252
35230
28182
12738
27085
15680
36752
22388
30558
32517
27465
31157
22936
23279
28099
22730
10019
21736
27482
34560
34772
24779
27486
28343
22182
29117
30093
27729
26200
17540
22168
14635
26245
20587
28580
17646
31954
13822
37307
10419
10573
32209
20150
30077
16539
34063
29576
13799
36688
11207
28191
31657
18013
28835
36542
11582
20310
20303
25329
10758
12323
11902
32865
25114
32401
19558
23175
34042
36503
24057
36881
13077
38675
37481
25641
38468
21422
10341
22373
20684
10953
15260
11054
37616
24447
19426
37906
31234
27524
24807
17595
14194
16207
29072
29362
25362
23083
19664
24040
29129
38211
22179
25861
34553
36994
33668
35988
36973
29067
37503
11182
22491
11756
32548
39292
31647
21301
16914
12230
15692
29323
21124
18439
38548
21560
35360
18033
33053
28148
21728
39060
32636
32278
24522
20382
21170
10240
23927
29160
37021
14386
30592
35960
32780
33761
18236
26566
32733
38182
35256
20613
30941
18608
20430
24233
19727
38882
26005
14540
10377
29434
16794
27570
32044
20323
26540
18825
17088
27847
15222
15992
21895
34936
17835
28825
29240
22727
31852
32860
15045
14543
36777
25141
37310
26496
33943
39369
38579
35515
32735
37160
10934
11708
21291
17834
29266
12130
14795
20602
13709
25719
27712
13034
14957
38347
28251
35903
19477
16986
24601
27516
36994
33194
14966
10630
23627
13950
15443
20142
20134
26774
28871
24872
39474
24756
18074
22146
35306
28139
14748
29736
11165
28623
14903
30329
38872
10667
22640
23089
29155
17554
33727
39658
28631
12271
18065
11757
39611
13882
37621
12360
36479
15142
20831
22435
27279
37757
37700
34591
29586
35239
24002
17540
15385
31829
28433
36955
18568
32672
38567
29850
11069
19762
19599
19122
24358
15297
24091
17505
36039
32704
32857
22978
20986
27213
15824
28843
21426
35375
28301
37618
21153
20552
21121
28867
33619
26420
16292
32113
13460
14704
29842
34131
32140
23066
12032
23926
11357
14433
27863
21378
15526
13984
28889
20324
28005
35162
36239
24224
12733
22632
10757
15710
28960
18323
23455
13093
31229
18740
14150
24648
35506
24837
11051
12337
17993
19221
16956
13861
39320
27922
20982
13538
32433
23675
34529
22065
15806
14182
30757
32196
24672
29421
30406
33037
30187
26279
22798
38181
15487
17639
39708
22107
23310
15525
38468
20115
17560
19107
24145
28884
10421
31933
13666
19621
36257
16191
24380
20246
27076
16482
22673
18019
13298
30255
35138
25195
10084
32656
12568
25905
28924
29939
15784
13175
38371
12625
33314
28096
14658
33417
28705
31439
19163
21783
11669
36684
32216
31810
39717
33434
20424
33898
33543
12659
29140
18366
30533
21836
38795
32329
26557
36188
39286
30722
20004
27667
23970
36845
13915
31266
30936
12488
15855
14399
26853
25134
39972
13489
22529
19709
12871
29285
27047
30730
33805
33308
30742
15827
34600
14588
18688
37225
37628
33369
28695
16527
22583
28101
32594
31618
24081
14823
13620
29891
36484
29535
15905
30000
36441
16145
11358
36427
11059
21137
20170
25254
24582
10323
28961
16980
37618
10628
11881
39562
34194
30553
37515
24015
12519
20160
31776
24870
11045
27622
36673
32595
34978
11510
39027
22669
15414
36265
19408
30041
31376
27257
31138
30995
28861
32126
15748
27054
18700
11962
11679
22603
24620
16397
20022
13167
11910
39504
25189
34758
21871
27704
22795
33755
23275
39985
25984
34064
26568
12139
15144
27888
31423
31504
25271
30205
10995
22826
10707
33857
28234
27441
18013
17439
11338
25469
35372
39341
23402
16236
28907
34600
28371
14929
37278
28803
23555
19853
11181
14573
31141
31175
21930
33704
15884
23137
28685
23238
38469
13851
34733
13578
21095
30680
31620
28726
21006
17459
27492
13943
24839
29539
34906
25515
20952
31619
13011
20868
20757
38803
34462
11148
13041
26647
39494
10501
36879
23123
12977
24464
25465
17813
24469
10527
36885
13704
39675
18568
18777
24995
30143
29864
16436
28128
37132
24518
25466
16606
18610
17910
26412
18837
38612
29879
37704
36399
23536
27285
37853
30269
28154
11381
32549
37178
15308
26865
21450
25201
12639
30489
32526
29639
21866
27874
33667
32681
14833
14309
11659
23735
33109
25476
18402
30866
25491
20558
29114
15908
33594
10091
19441
12884
30445
11799
26187
37455
26403
14062
36117
27569
36681
34675
25153
29126
10966
24396
24447
13900
39953
17236
17781
33804
10000
21001
19044
26342
27127
31950
26992
15059
21872
35039
20724
31943
22272
38754
33858
24659
23614
14038
35623
31098
24780
37729
14255
38928
32874
36476
16602
31320
21687
27468
38741
35144
19987
27676
35539
27661
10169
21981
39718
23476
28303
18851
10275
18156
28703
22937
31183
12528
34312
14230
11981
17531
30659
18738
10901
19445
10927
30752
22811
13352
13617
32592
34674
11602
16326
17212
11068
18106
33919
22513
10261
24891
27343
39516
34692
35724
31021
21179
27587
18583
21648
36644
21426
32134
29882
31604
12235
26459
24660
14374
29488
18175
35115
31148
13947
39107
19043
33715
28351
26691
35101
10304
19515
24634
12576
28054
33288
26566
34308
13646
23716
14824
23330
20195
21277
18190
12728
21530
29984
38303
36164
26730
22559
20756
34509
32309
17856
11110
22393
10464
31081
25667
18691
10604
34027
35795
18312
20700
34718
22980
27770
25150
31705
31444
11282
33178
32543
21837
15529
24452
20241
11304
15255
15697
23539
10543
20251
38575
21524
25475
32386
31485
27470
15256
26493
17711
15420
16286
10712
12765
13585
18086
32254
24210
39897
11781
26165
10878
34000
39749
36673
35178
15824
16066
12352
35626
13500
12427
36469
19328
20206
24647
39302
39338
30507
18079
33751
20795
13376
33071
39326
31404
21397
12500
11944
36984
38308
30990
36982
16676
38100
18491
24377
28033
24521
36382
13495
24441
37426
14374
35465
30144
33715
27713
31070
18448
38043
34377
24722
36098
37713
28524
37039
19320
25062
37273
15798
36708
21505
25445
29405
13657
39498
24521
14203
30178
18840
21918
19597
18451
18474
20117
39450
15606
25949
32494
27021
28364
31110
37924
32975
18376
12939
30671
39940
25764
32820
13538
39741
15950
28852
25977
39682
22480
13696
35756
14905
17537
30292
39498
23642
32665
11372
38680
12061
29686
39906
25766
16540
31572
20164
39747
22186
11614
33474
18289
35745
35091
33808
28614
11584
38838
26596
23124
37778
16409
12697
32240
23235
17760
20124
22716
26675
22572
33466
21276
11266
19677
24539
33307
16361
15776
27306
33906
16269
24830
17775
18247
30155
10280
32066
24046
14726
21839
25295
32912
20726
35217
19461
17242
33071
29946
21017
21810
19722
29731
28680
12990
33623
12649
27338
30151
37976
38490
32400
13598
18577
36566
33495
32818
11410
36408
20270
16296
35643
33661
34425
38565
17730
36464
14345
37758
12747
20813
32207
11857
13250
22067
29745
37067
11378
32940
38599
35404
33192
18815
30793
20679
25545
38812
39969
21019
12135
16332
34773
12456
35524
23513
23050
39252
22970
17083
21068
11458
39975
31228
15503
30408
29875
15306
32296
17733
35282
20561
33350
11569
10591
12938
16454
20481
30576
24903
32150
11728
39067
14722
18855
24771
21457
13433
22634
27900
16882
16883
31660
19163
25528
22588
34620
10124
18323
13788
24519
31144
15658
31254
13566
20475
15706
33644
19380
22174
17295
23491
37608
35823
36125
26418
23973
32236
20432
18471
12457
33413
36423
16491
24740
11824
17745
12886
12049
33645
34488
20856
36532
29025
31301
37724
33236
15081
10592
30077
12929
14126
23516
30424
19124
28162
28787
37729
18333
32086
35191
13314
24562
38002
38398
30184
20746
28789
12968
16039
37196
17007
25677
15262
38078
11789
10899
24128
33115
27415
32918
20555
12703
27430
12158
28098
37122
37644
23782
19275
37234
19965
18233
24809
15875
28829
10772
24930
13969
15734
21629
23559
18071
36466
18786
28875
36751
17381
17169
25657
18256
16794
21382
34693
27388
34918
39370
17695
15507
36790
32658
21201
35414
31884
12846
33983
18766
13548
13521
13193
27415
14221
22753
29757
16521
14110
30335
19136
37030
12204
15595
28158
35383
21551
14296
13169
24216
28769
13770
38549
27120
32804
38630
15344
16143
18429
12284
23273
25202
21273
21172
18271
23556
22128
28634
26513
15507
28033
15729
10400
18848
27172
36889
23928
12994
19014
30103
16099
23305
31690
36628
39938
30074
38503
18711
35707
16653
24637
22874
29320
22834
22966
25112
31760
19160
28398
25740
36109
37418
22282
34564
18297
31057
22130
15679
33868
22666
19215
39702
39901
28618
13931
10585
25207
18887
11357
30326
17983
20126
17028
30228
32841
36852
28123
29896
15399
22600
19022
34193
14535
34912
21700
31427
34834
39139
35220
15534
28410
24407
34746
28659
15030
33156
36093
28028
11170
20959
37027
38166
20529
14770
22194
15793
14612
35840
26694
30689
10515
36868
15190
34796
30185
19624
24125
23123
32502
28490
14588
26386
10622
26752
34632
13632
13797
22161
23040
16983
20452
15377
10744
23285
31531
10942
15643
12809
19132
25511
26505
17459
19992
11503
25232
18480
29534
37805
23057
11877
22235
34822
14678
30931
35237
20179
18435
28995
12973
29823
22743
18984
26195
31666
30193
28778
37371
28961
14845
37780
24871
18607
11412
35812
35591
12133
11027
35189
26927
25263
31696
36101
13301
13154
18610
10277
38408
39840
18083
10239
30876
33005
10534
37690
25150
27525
16798
25479
21337
33163
10070
35095
12542
22083
37419
28135
18925
16532
18975
11676
14165
19586
28656
24005
24215
39544
12615
30993
10591
16582
33852
36085
10534
39095
31445
29805
13352
10768
24362
29271
27045
20332
34215
12001
23210
18168
29644
10502
19811
32832
30325
22277
12446
24583
10480
33322
22678
10644
29161
13880
15824
17376
31623
13829
35114
32225
13558
35719
30349
23390
27862
26597
35244
10317
13468
31793
20252
30747
17876
21395
11172
12783
27653
33029
16316
35103
20808
33399
32952
32880
35910
24660
14692
11021
34917
19836
33233
39106
29313
14661
29020
27982
39787
14526
13294
12357
36707
10122
25014
26389
29764
33578
20647
35895
32323
25244
11466
29279
27273
35146
11912
38712
15575
17669
28897
21296
18296
25014
26343
14678
19932
35813
10049
28846
35556
10282
36122
27694
21776
15232
22148
28504
12883
35194
21181
34105
12835
22769
13928
26228
34730
25098
39025
31961
28541
32329
34280
12296
39033
18759
11708
34630
28806
19819
14310
31625
30064
32630
16656
21864
14790
36530
34367
26470
24947
34199
25581
22510
15341
11199
21515
25747
10547
23771
21935
20205
31663
20215
26203
32224
27251
11414
37133
32077
27127
39010
28340
26425
38229
27890
30184
17728
12500
16964
25221
26414
13460
29115
35329
26497
21687
30718
25559
27752
13982
39944
25815
27572
15854
18658
17145
31466
27901
22842
29160
21808
28630
21751
36041
19330
25375
18858
17197
37944
31850
11849
16221
21012
32320
28554
15239
26391
21827
25810
13328
39963
20591
27531
28334
36593
28812
26841
13079
31873
24602
14855
14647
30586
25680
25754
28974
31646
37167
22177
35358
16217
17691
36276
30986
20138
32763
12342
15988
28111
37169
14860
11522
34680
27248
10569
16933
33804
26498
39749
30304
33936
35177
25997
29710
15167
21519
30835
10697
38237
28904
19595
28379
24603
12526
10820
12761
19366
34811
28157
14897
33198
36498
13383
33466
15576
14245
21787
33160
12246
34364
30308
17588
34989
16608
33860
13389
16282
10693
35849
36609
11471
10401
25251
18457
15995
23546
30251
32665
33659
21532
12769
13480
28416
23242
11451
37152
36648
15159
27832
39608
30375
38732
36585
18645
14782
19632
26993
17835
16078
15227
15749
27634
14534
19731
14641
15734
10366
20852
21958
29893
15039
30805
10818
13652
29006
26300
25723
12572
10889
19354
32687
11506
17644
17501
15580
25727
31309
12334
36484
38102
35830
32004
30153
21311
34537
38065
33007
31588
23001
24700
22095
35524
18498
30698
18087
30964
25818
33686
34874
29914
37809
26545
18631
21095
33076
25196
31738
24798
27534
31855
33815
38152
15991
15015
28141
25389
29774
18613
32788
34026
17482
14900
16245
13735
24582
31864
16430
38567
18007
31084
38448
14048
12987
16533
20519
22345
15315
31128
16868
15321
23247
34656
31915
32546
35239
32173
15227
28118
31059
33742
13791
26001
11262
38567
15922
25538
24430
38929
13239
29168
31057
15212
29133
31569
36458
36804
12218
12020
27833
29939
27258
38535
31550
31019
29757
25826
37051
36061
17931
18520
17528
28348
31056
23162
20737
15194
37586
26537
29850
39786
29790
26655
39963
36121
21317
32251
25341
12024
30684
20762
34010
11254
17245
22381
26142
20870
29731
35341
31343
32065
30378
24105
31510
26133
28894
24042
28041
12209
31723
19351
24453
25253
27488
27066
19920
26355
31930
10754
27839
33061
32583
33771
28623
32718
31657
15994
28178
24848
12117
38575
24658
32405
27073
16657
25203
26486
31824
33103
27524
23997
17929
24933
33934
18277
19850
19050
10831
39250
32776
13389
32903
31617
39854
11242
30658
32632
27717
39008
23019
36406
12522
12483
16846
38600
21643
34203
36021
16654
12071
31651
28415
35747
11573
10997
15178
24807
19464
31259
34275
11189
16100
29472
35728
32615
34175
38451
19836
34754
14135
29666
13367
15095
23784
19816
32383
12280
20305
30710
30724
10014
21870
28869
34264
28004
28630
35999
21917
13589
31102
15152
32390
32805
37711
17353
27913
18846
35026
36945
32724
28799
39049
21659
23411
31576
25504
30011
25840
12585
32420
10886
23077
17022
28786
23971
15464
36609
37457
16644
25585
16014
12386
25358
23068
38544
17163
30106
36559
11960
35464
30507
26130
12223
17548
12100
14780
14726
24823
39973
31543
31826
23890
28602
36342
27428
18497
13620
39123
29130
16013
39000
25493
37245
23448
32276
10039
24994
28115
32602
14114
14608
17776
26775
11363
19676
11175
20122
36328
27927
38798
10480
37493
36531
27946
16726
36745
10816
27261
36888
22985
22590
15976
25254
15667
35365
33732
15565
13680
22348
23815
36744
37070
15757
26374
24643
29743
19601
15801
35542
14487
17989
14340
38607
34664
23529
38465
23696
24401
12996
32178
25344
16980
24645
28323
23870
21019
27411
18734
37427
14086
10759
28887
22428
28021
35111
14618
32608
11726
11919
17411
20393
34379
34786
14262
10989
12596
16178
27900
15661
39737
26009
22835
36346
25692
34685
31480
16608
30354
39117
15320
10529
29652
32771
18583
32809
25384
26768
38862
28607
26762
31424
22452
30342
13790
21895
26826
27462
15951
30454
39202
28046
26776
23251
11602
21664
15126
25105
10845
30566
10934
38895
23500
19783
11000
12120
25823
15795
29796
23189
26986
21901
39580
38271
33242
27427
23425
25714
35279
20794
25948
27243
12784
29763
25336
26801
35246
34794
37080
21275
10739
32945
33014
12591
29996
32615
21689
22909
18780
17103
10047
19382
10542
10574
31581
21052
28742
17312
17024
34812
22841
13619
12308
20310
37983
34668
18167
11844
28852
16742
13584
13918
25915
22238
29761
18550
35985
26295
34022
13881
21393
23898
17630
14643
11487
22191
39845
33633
26698
39273
15501
24982
20297
19953
14623
25892
21813
35584
28871
19314
22014
22743
22013
19004
39219
25780
23238
33427
15722
17320
30911
18823
35233
15078
12747
26812
33435
17374
17549
24565
16759
38526
29987
31809
32590
34178
35417
24894
14594
27976
29103
38804
21720
36826
38956
24416
39524
28328
34759
33998
36702
18458
12156
38880
20260
10243
16333
26082
34128
35340
13770
13914
30914
17737
18707
29456
18423
13358
37442
38742
14322
14499
13594
18011
33056
13592
22825
29906
27374
26835
36093
29962
22533
30654
32670
18828
37430
36951
19666
35928
11176
27257
36272
38436
31861
25356
35748
24826
38124
28240
26517
23192
19673
20623
18721
37787
15771
27329
22276
23812
12067
17398
32004
24119
23204
36279
15985
22025
19032
30365
30677
14171
16049
35047
11491
19103
35401
19220
38595
10201
36717
25891
36595
18520
25076
29350
33618
34666
28426
16173
24415
34751
39649
39231
15967
18452
16777
16309
18085
15383
12217
25352
19759
39299
22432
18994
31922
17288
22815
17279
28515
23489
26125
24643
25540
11063
14951
12364
12653
30810
34126
38404
19662
29529
14778
29155
13083
21043
16165
23783
28496
36695
34925
26208
34394
35697
36046
21248
23754
14522
18365
22023
16745
18883
25752
24101
20320
33853
29117
13577
18880
15086
32753
26979
32966
17715
11489
33300
12560
14991
32147
20443
30527
28717
35762
13694
10302
32005
20482
30549
23180
23023
27963
22912
14605
12744
29735
18913
30961
23999
14775
12279
39845
24749
15425
31107
13275
37475
15354
17628
15232
22946
23692
19820
39243
23116
34960
34484
29242
21236
37965
29931
27750
20015
27415
10390
27858
10662
33420
30780
26725
34507
11660
12288
16087
13898
10235
34503
22353
18615
20554
31855
25823
23414
13283
10060
11968
21140
22810
20514
20624
29023
27193
30761
25437
11046
29627
19248
13964
39247
24487
21332
11263
38862
32536
11258
30601
25600
35982
12163
34284
12309
22240
38106
25115
31013
12250
18192
11318
19030
10697
33129
10526
17070
11423
17718
38418
14531
15758
35713
34708
15240
38800
26632
28958
28100
39794
39654
13000
18783
14588
31745
18354
24237
37740
37723
36819
23550
35412
38565
33258
26130
15638
34999
15828
24420
27164
23634
38737
21116
22825
37657
26323
32527
34782
31037
32594
19265
27379
12679
12719
12976
21983
24647
14206
17622
12630
11644
12247
29859
30808
36526
18532
28367
31554
31244
34569
35915
14812
22657
15895
32292
19025
20557
33360
29804
25227
17205
24744
32129
22296
19525
37018
38311
33634
32078
21472
14809
10626
36118
23004
29860
28698
11977
20385
16099
24517
33963
18727
26286
21529
19399
21488
27077
20162
36499
15417
28084
32010
25133
39027
33689
20048
32505
11998
39618
14808
20316
18375
26949
29470
26857
11167
36825
20921
30681
17031
22287
27172
23335
24019
17921
11971
34705
35691
19900
19707
26040
14443
32624
15714
20664
11130
16271
14592
14745
13147
39558
37071
18052
28095
17699
37357
32074
22887
21823
21590
16494
29814
30432
32763
14038
28161
11812
18475
30618
38353
28911
39958
29849
22943
32341
17932
35508
17233
34402
13960
17072
16209
10446
25751
23652
11409
26159
22075
28566
38000
10248
35611
30767
11936
38887
30992
19042
20241
10487
25998
15326
33254
17514
28046
25196
20856
20049
15560
14562
31978
18465
19331
36117
26977
28813
28783
31019
26294
34161
21887
16712
31453
25606
30640
19860
16857
33086
23902
23692
18268
20475
23189
15229
32541
29109
12553
12204
13234
33387
26088
11822
27910
37425
20624
19226
39311
15259
28450
32922
28080
39181
39431
32226
19080
36754
15862
21948
24315
16596
16901
13713
32697
16340
36561
31637
19161
13176
34085
31197
39571
37804
22792
34204
27350
11274
22623
17036
35633
16033
35140
34954
28313
11976
21874
30173
22377
31970
35596
24937
31260
20892
27323
25261
13464
26614
26323
30370
36044
29865
30615
29177
15248
37872
34824
19930
20152
28512
30885
10131
15031
25151
24066
32230
34432
37161
27480
16299
37922
17739
28481
31541
21447
30280
27213
26192
23835
26026
22394
34369
17911
10034
24589
11918
28558
15174
15724
30773
16463
21103
33449
21748
13674
18977
23519
25714
18908
13623
36600
17201
28771
20178
27577
32193
32466
22606
17339
20159
29553
32854
24405
23648
14418
32477
36626
24729
29105
38574
19887
11264
29914
37137
31973
32103
30955
17934
38587
25704
36909
13209
20605
24532
19207
31500
17263
16445
17025
18127
12287
26809
26118
19330
37554
15634
31392
17249
11206
13539
29925
27189
24484
10765
37666
27901
17699
28278
16003
39383
35012
23374
21108
22794
12091
39932
21668
33789
15429
33590
27318
24799
37491
24884
38184
38465
29727
16749
11064
13982
20942
22750
34858
35967
27654
29733
16665
22199
20047
34211
23735
34497
12487
10222
20215
37373
26829
20076
25439
35737
23106
25989
32168
13168
25984
12387
34154
19632
21499
23645
16494
10010
10706
35088
38640
10939
31637
21359
17224
34354
21811
15882
20231
37098
27156
35810
13557
28610
28943
28728
14796
14320
38770
34465
16170
30973
15068
11968
29927
15756
19675
25163
32674
26317
34195
27375
13127
21800
28436
31233
27800
39697
36731
39209
17954
38609
21947
23916
36395
34972
35986
34395
20115
19572
17039
28539
11760
21857
34046
22840
27549
15691
33002
35570
22351
16070
33487
13107
24062
11802
34588
22962
11635
22488
19964
20694
24799
37063
26527
26487
10926
16646
34172
27200
23650
38122
12469
21822
27104
31581
34158
34617
33025
31624
13105
26585
33189
36016
36746
31158
12874
12169
35772
30824
22640
15825
34444
35963
28547
17948
38321
10675
15850
34323
35475
36484
34530
39241
12862
31158
34358
16266
10163
27507
10353
31316
17087
27398
32239
26269
24183
10095
36935
36766
35063
12477
39658
30653
20926
25615
37724
23705
18370
27992
15578
29938
15190
15568
12433
13805
19124
14238
29984
31409
12303
11432
20505
20775
19698
16647
12357
32289
27828
29257
31140
22458
14720
33564
36427
11935
15199
29435
24396
28915
14597
32718
38088
31032
26195
38659
24195
14808
25561
10474
14646
38988
35383
26612
35696
18781
18420
20997
33310
23754
30126
20771
39463
28410
39072
23462
29472
14645
21750
33613
22602
31700
16979
32146
15960
30177
30896
15511
37959
36753
31469
16355
18206
22541
16410
17763
14299
28849
10446
16347
24862
19758
10542
32962
35906
36317
23043
24965
27892
39037
14482
31993
18580
21352
10582
34579
34520
32888
14134
13757
30086
38169
34472
38311
25028
35413
24130
35765
18338
12727
23523
35014
27827
31155
37621
25588
14808
14279
14813
15708
10662
35815
11547
35420
25234
12261
35707
15767
32207
28814
30963
23611
36673
33897
14585
12412
34834
20239
32044
39941
21797
37744
29916
11442
30498
15410
28973
13102
37405
29033
26980
16764
19222
25803
14284
26470
26958
25266
24119
30128
21790
31540
34587
12258
31728
29854
17493
17308
10263
38010
30673
26171
32672
11249
23810
15649
22150
24048
23844
15869
25256
31065
16289
23261
24733
19649
18591
20563
29437
19658
33430
19555
27969
10938
17745
35707
22688
34344
25439
35830
10076
28714
14684
25615
39266
15655
34078
22904
21609
31933
21394
30427
36137
32043
36135
21538
24820
36957
22187
11658
18994
16373
32160
20646
27101
39757
23294
21643
27732
26390
30997
39989
18220
17251
34490
37911
36657
29569
18241
13213
29375
33964
21507
10094
19702
39003
22581
16059
39400
22935
29632
27810
11876
16838
15386
17001
20875
12131
26951
10477
25643
36604
17362
25726
18188
16621
22394
16630
12118
11983
37265
23119
29432
35137
37725
19365
25418
38476
15864
36293
30249
11476
30210
36075
23097
22628
23011
25495
10131
16208
10752
17406
35012
11169
26153
36819
31342
25566
13355
29917
34429
28861
25411
16069
31713
10796
23564
30978
32940
12390
18233
19363
15465
28707
24925
28310
24386
12907
21324
12727
24279
36375
13508
18213
21289
21954
34448
39581
24193
34960
12454
31405
10782
12331
15681
19937
39278
24091
12291
17307
20677
30436
14118
19612
18505
16680
19113
35452
21407
19334
29532
24291
12698
29517
38743
17933
23322
37992
38782
18548
36894
11458
36661
23603
22319
16527
29150
39065
37704
29411
33954
11666
27710
13674
11292
14626
26261
19861
18840
33625
15446
36231
18641
12534
15685
21210
32029
37943
32714
31513
15642
35209
29265
13359
21001
21708
29363
23774
20169
27782
15797
26959
17522
21817
15077
11835
23097
30340
38596
13057
38512
36391
22024
10609
11267
11343
33732
29143
20911
39710
36472
21870
21398
39858
35897
27131
27138
27745
17339
27404
18038
17121
33495
21072
19038
38640
37487
24079
23818
14816
18164
22475
15823
27504
28185
27068
29739
22356
26092
31732
20227
27659
12582
18034
14131
34923
14057
19642
14575
28783
23913
28609
18510
23534
37411
16945
15716
31508
11265
16286
20066
14636
33646
11429
37134
16467
37390
15815
21654
22252
19344
24877
36362
22169
12044
18876
19422
15910
31048
22623
12069
31733
16246
20942
15742
35666
29849
35000
11900
36325
11640
31683
26715
13603
25941
15897
23994
22503
37343
15894
28478
12112
32602
29824
25868
31013
15576
17478
12119
31690
15758
16235
31431
17598
17491
39348
12264
34550
17236
32723
31566
33679
16407
14593
28993
38074
32782
23001
31902
15254
14613
14656
30079
20007
33300
14761
21137
38712
36513
36745
29039
37880
15377
17161
20213
14026
29114
29108
14614
19948
29454
28325
29471
19648
38799
16764
35612
13343
34204
35368
35695
23616
31312
18296
10396
38305
22618
36544
12018
39915
20015
11614
38306
10760
13593
38588
16431
30277
36238
25150
13226
15380
28030
20936
28139
11374
38123
28559
14835
19119
17734
27855
18659
28165
27724
36948
20050
28713
12600
15620
23177
26117
29926
13811
13337
20022
32313
25194
14791
21430
18349
10005
11760
22727
22307
18290
26752
36245
23766
34623
31873
12970
14316
28902
21551
20338
31745
34402
35807
21520
29658
12156
27635
37528
20536
14511
13292
19771
32179
34491
32210
30984
31003
34661
28433
11320
19658
14107
23600
37616
14848
11182
37277
13200
32975
35000
25662
17366
12126
23446
27886
37222
16762
15175
14791
31686
19400
32368
16883
39935
38320
26746
23643
18612
35470
25406
25437
12151
17148
16872
36188
21818
21583
11893
38893
16106
28345
14235
22885
26182
10456
12068
12236
17411
23793
36922
32621
12585
32277
16095
38510
12948
16921
23200
38857
21807
12559
30291
37471
28543
18397
39768
32921
31584
10806
38243
19321
11707
22859
32207
33809
24597
26717
29150
34127
26070
15710
32724
39834
35192
17985
13941
20386
16376
33481
20165
16394
29056
17408
29650
26440
25657
16150
11400
11253
36920
21516
22636
18943
34768
24727
16413
34514
22046
12764
29331
39645
36547
27715
34794
13361
32559
24066
14390
32305
26696
32162
25704
36767
10648
25550
31109
35667
17205
35773
12169
20977
35598
34619
26173
31929
38863
32565
21217
16267
25304
20730
18946
33688
15054
25388
23679
37247
28319
22018
21818
30578
18391
31524
27458
14340
34042
13381
28144
15712
32129
12821
25335
37190
39017
13302
10083
13506
10285
37257
26277
23594
10257
10823
38047
19556
33302
31226
10675
12241
19083
32477
37392
30105
16961
28423
36203
27415
10946
22266
35736
25652
18421
20283
21664
16294
38293
37229
28454
28640
14421
13053
34408
32219
28523
12963
21369
36359
13333
29248
36848
28690
37512
18050
33302
34718
25174
37473
19111
29886
29327
23424
14130
11148
17082
38915
29515
21228
12812
37768
39849
17222
10888
12633
15778
11338
14102
23867
21684
34140
35695
13722
38997
32269
26231
21118
30391
26585
25986
38860
24856
29681
11781
10557
16389
33862
13396
35925
14203
30009
35489
34852
20262
27341
27857
16194
22801
22723
20959
11466
19758
27660
32771
12687
17726
23038
21901
14553
31815
29625
33551
35676
26298
29425
33555
15105
37025
21248
19998
14964
39744
18747
32149
24134
30488
17955
12483
20081
16874
21188
12922
37376
14585
24423
24265
15082
35889
15099
38852
13075
22746
35667
21790
18684
11116
12397
11212
17281
18352
35156
12258
28343
35197
17797
37048
38784
21312
27055
11564
15520
26899
20639
20333
18394
23444
12885
28388
17749
17825
36022
32265
26819
29656
29889
18852
30935
16151
30149
30424
24872
34933
10314
10171
22192
35804
26396
21340
35139
30791
35019
35967
23269
20217
15610
32417
28600
20922
19421
28902
39534
27711
15231
10054
38905
12952
10742
32795
31536
31458
24096
32871
19865
32338
37522
23313
14941
34104
26071
15257
19570
16453
21705
21894
27448
21592
23620
16879
38587
17943
28459
15220
36432
17391
38759
16702
26367
14370
19106
15453
22373
27469
31705
38115
20973
13287
30125
13358
24783
35640
12911
10703
26078
29235
22052
37338
28523
17527
17878
15158
12452
19270
35638
23139
10767
20012
16655
14551
22274
25314
27625
13621
23934
16256
13907
13820
12340
23944
20667
23220
17846
25847
26918
17605
11194
14605
30261
10890
13726
36147
21866
39317
11099
34634
21240
30139
22991
37762
36597
22361
38271
12062
26160
28558
14010
33951
11552
20739
13742
28633
39239
37522
37896
20268
12708
11988
33013
11173
31199
16787
33782
27427
39500
13360
38494
31259
25663
36938
23551
12242
13010
27800
27542
34590
28755
23790
17417
16096
34095
17877
26115
24101
37812
24092
14501
10787
36428
38219
28934
19544
21545
36355
15107
34411
21520
13796
17952
30198
32312
15310
27931
34520
27947
24117
14696
17991
27410
31388
10997
10178
17760
15015
38880
11173
16462
34038
12776
17723
22949
17205
16483
21039
27043
35529
17133
25080
18291
17052
11822
17207
10128
14769
37141
12751
13941
17631
22568
17527
17063
30014
23026
10807
32902
20981
39663
30516
22260
25206
20534
10658
26895
28534
13072
23598
29412
33310
22325
29061
25771
19631
13459
25725
26480
27646
20547
16405
25408
34324
38460
20902
12292
34623
30072
25356
22968
23234
29827
16672
30653
39556
37969
39085
33141
34179
21304
26867
30714
10323
23302
34786
32710
22879
28133
13007
37956
13329
19941
18489
19115
37500
11971
13463
32537
24747
20890
34054
35206
12690
13568
39467
17435
31519
26498
10890
25609
35549
39574
19651
13225
20011
24855
36224
16042
33184
10672
10519
30049
10151
15046
13838
22888
24476
35244
33787
20135
11763
20047
31734
13364
32919
12191
18736
33034
30410
18211
37306
22992
39935
19123
17997
17580
24906
10360
24179
25527
14800
37160
21608
12918
31882
22628
27641
11836
29233
28266
19502
33747
21803
38033
24565
30826
22306
21542
26962
12530
39014
27757
31274
39147
10339
16706
24771
37313
23264
10601
37727
11336
18481
18703
14953
26059
26473
29070
22414
17924
10172
17018
23034
28730
23070
34421
12625
11087
20828
37093
10477
13245
23363
16998
17529
25692
38933
32781
11951
37492
24482
19125
28335
14364
19854
37048
27249
33028
35767
23846
20748
36170
17009
32304
14480
35306
11064
10752
39542
14425
20101
22369
26617
21915
38318
18805
32559
19191
14899
30227
11469
39443
28642
22198
39150
34433
31003
37441
11844
24365
10673
34127
20362
18617
24287
21425
26260
22207
23504
31080
23063
12096
25250
25592
25746
35060
35680
32690
29795
27923
24952
30999
26140
29855
11223
25282
35824
19521
10627
39960
34482
34218
14538
33373
27480
11844
32567
13269
16460
33528
13830
17618
20413
20049
31299
35081
35060
34412
28409
36620
16796
34410
18085
23254
29694
33987
13261
24095
39548
15367
35834
13836
28934
20641
26028
30048
10209
27946
16333
11713
21953
24518
38533
17624
19508
32378
21922
36412
21767
32458
27256
19532
38684
13672
33555
14111
21674
38679
11841
35366
18263
29390
18350
12652
10222
22824
12682
18710
16280
38929
17833
28015
38047
14805
18663
37850
25935
18930
22153
17686
19234
13804
31968
14569
32452
32521
29668
21065
21879
15227
35732
37128
26486
22081
36187
19405
18975
18671
26658
14531
29571
10909
25931
12724
16512
30442
21324
33025
39997
17887
14088
29234
22355
13207
19058
12299
34797
22056
17071
27854
28969
18496
39535
29190
12574
27852
25391
21422
35290
16224
15014
15330
21132
10517
39350
22830
20433
36679
24114
31262
38850
20588
27846
37655
35030
38897
26033
29298
20179
11962
38488
23376
14148
15624
31012
15172
12998
25091
22439
18617
38669
20377
18928
28274
30079
20858
36833
17517
27694
34308
19770
33938
17839
14396
30537
21802
17969
10613
33863
31621
23336
20746
39317
12636
17085
24613
39968
25494
38429
39027
30343
31708
37412
36567
26048
38987
33607
35371
15386
19276
35636
17165
33830
15069
26562
19719
37067
15165
19274
17655
22130
25654
39649
32874
30522
34560
36987
15869
20125
15647
30487
34222
34418
25933
34738
23950
35260
27938
16756
25746
13100
20812
16741
19954
36733
18735
29313
16697
25832
31373
11932
21689
10108
37122
16992
10860
19624
34367
15256
14840
18610
17373
15558
25807
25013
12218
38714
16442
30483
20801
36831
15861
13165
14810
18899
17269
18460
22330
18760
36519
14954
25140
27232
31756
35517
32430
15976
31233
37645
31602
18980
10827
36549
12608
19153
22747
26476
30435
12356
10805
37226
19718
23240
21705
18213
22008
16170
16205
17706
34990
27874
29983
34913
13174
32379
20551
24841
27486
20496
30308
24863
33620
17155
15778
38343
28170
19248
13905
27862
14414
30866
17109
36657
11541
20034
18683
31750
33872
33720
32720
23393
11439
37576
19934
14831
16784
24863
23466
30412
14500
20563
21423
30123
24118
28118
27068
18377
19289
21395
14161
27467
17328
25802
10773
11715
19041
32590
37918
21290
24905
20218
18620
21911
35372
38685
31375
37102
30985
13312
31891
20499
20591
34704
28632
18627
24605
27748
11380
19898
17773
11015
31647
15837
35039
19105
11867
12654
19656
15276
24024
20006
37964
32735
15688
14851
32930
22499
37777
26050
28673
26140
35446
28770
13359
37331
35138
13853
10224
18119
35947
26969
10961
12423
37997
34236
28767
24327
20939
13219
34813
38949
38081
21402
19897
10316
32401
17644
37128
21240
27832
31878
19729
14427
21502
33799
38095
26106
37839
20316
11344
38563
29965
12247
11194
16875
10183
38609
34631
34333
18665
16413
31798
35329
35098
14620
29752
34118
36744
25944
11250
23860
16741
15258
29138
35789
15154
14223
32449
27451
34689
25131
22561
36384
33220
29063
27101
14461
39271
18776
25918
17863
35153
36613
34270
35977
10700
31451
29849
23611
31087
30301
19029
16218
23998
36523
16514
10085
30506
25394
27986
28871
37868
31484
12051
10919
23450
24614
13506
25643
29056
16224
11032
39415
36189
25248
25631
13281
21314
19102
34672
22736
20687
27181
17321
28542
21099
39460
29806
26641
29230
30761
38787
29694
25201
35162
26742
27413
36309
18901
34499
27094
33689
21590
21199
37343
26892
19471
27620
27711
15120
33666
23332
22936
15771
13127
16758
32306
16963
32964
34974
11643
24587
27592
14042
14943
24607
34998
13087
32443
16286
21341
14389
10469
22847
36834
27620
17769
33524
17399
21494
14748
18498
19025
37207
35024
13621
13098
13287
30700
23445
21336
17111
22566
11283
10725
28533
21513
15486
26484
23084
29094
17229
18328
23712
12228
27281
26660
17849
18673
31918
37271
23331
16976
22099
38589
27599
24203
28656
26879
22516
29537
37158
39230
34483
11450
26087
25439
26944
37936
22902
37218
38562
27358
24620
36208
16668
12707
30834
13504
29067
35858
37214
15763
10241
16587
18901
13174
12921
38299
22955
17818
35106
24480
24722
12114
19533
31191
18800
37592
21751
15430
28370
33936
21849
38994
12921
30016
17851
25932
39459
27361
37752
29224
27127
37297
12079
39065
27911
18753
26614
33658
16253
25593
13401
38086
36734
15117
26942
31457
25676
24611
31442
20565
26528
25125
13646
35216
27836
16845
12958
24316
31112
39477
33481
26567
14222
34578
25942
12171
38284
22203
38979
26400
32500
21162
28038
22695
20440
17478
27985
14927
36138
11890
23073
10006
11363
16762
11561
27020
10077
35364
26128
18061
17893
11461
33795
33278
28355
21874
35229
19492
30902
37875
13715
31440
20864
27835
21920
26512
19132
27731
17824
37971
13301
23910
31948
34890
27658
17029
27264
17063
37091
12649
33157
10986
33174
39525
31603
38591
36559
31715
30901
16570
15607
24539
23438
11702
27630
18805
28509
28868
21070
29762
24144
14428
18446
36049
23641
23933
19749
29542
19905
22206
11691
24220
20075
17630
17958
32903
14246
39561
14424
20357
39491
35317
10792
12661
11327
24288
23338
20637
39329
28911
20111
32047
31678
29508
39878
25527
23706
25835
36088
14354
32146
28226
10429
24248
29454
18591
16594
12366
20891
17480
27708
20059
37844
36909
38827
35085
39618
15200
39463
37594
38659
36128
27986
15018
17286
29418
26441
18639
29133
38259
37339
27702
20038
34971
23386
37798
17518
14795
24751
13952
18879
17321
22327
29378
37504
17504
21493
17069
38028
16910
10014
35890
30102
39847
20626
38571
35805
18758
33869
23649
19991
23537
38714
12116
26010
21059
34027
32797
33025
18016
24940
37930
18445
19458
13111
26384
39245
16090
14154
37233
30072
37343
18885
35118
17663
24507
19948
20166
17868
18046
36035
12522
20841
34411
20231
33852
32561
35675
20528
31860
39624
11865
27794
10799
27895
21991
31309
14434
34134
34703
25967
12398
37153
21084
25537
33949
15161
38421
35175
12950
20868
17864
24736
28596
10081
21051
35836
15326
29250
26459
28971
27595
14858
23563
20656
37473
10274
11232
20778
11599
35067
19795
38868
14448
29354
19119
33618
30377
35103
12803
10269
31723
25947
15732
38031
38019
36184
12252
35212
13735
26932
39050
21162
15249
27882
14169
36019
21339
19620
15801
32092
23721
30582
29202
33977
13590
12181
24686
34481
10245
26464
30177
10707
21375
31934
38501
35482
26468
28868
15223
39362
26110
28225
37403
34662
29841
22944
32770
35803
10384
32736
27197
25821
23454
10719
25938
19762
13550
24653
17603
30682
14486
24835
21285
27543
18899
33734
37140
30996
10471
39870
39379
28740
16017
33005
15152
33330
38268
30635
25240
20752
26934
17268
35184
16489
33423
21344
25550
26689
20027
10744
35868
28988
14307
28546
28913
11727
39830
23970
17128
11693
27703
31591
36356
28852
29212
36650
18604
18130
15266
35946
14547
26007
15271
17750
14932
25788
37443
35606
37104
27462
24002
10344
27634
24081
35913
10646
38352
23669
34333
22963
36575
39230
37979
14754
24302
27544
25758
11150
32368
15593
32613
37080
33701
33187
34195
23985
25232
35124
10926
11252
13649
29938
30572
36910
36597
39403
32063
27611
20057
13547
32561
30076
35339
30449
28961
24189
18591
23792
32062
22333
36483
13484
15697
26932
25712
14686
35041
13605
28830
13509
36172
39668
29763
29144
39645
14346
10315
12022
18409
13615
29797
17656
39526
16408
17664
14417
39561
20009
15207
23391
29682
15543
14578
18764
28618
29084
26737
36619
20530
17365
16897
17552
11050
39024
22763
19769
33697
10644
16049
18817
17905
36885
30089
38939
19286
27029
14589
37146
39150
23126
25869
10453
34407
27145
33632
39793
38828
17601
26405
26449
13722
37636
33197
19862
33790
10204
13157
16830
30786
12266
37164
16037
10793
26287
21954
28815
21843
14903
25005
14194
39367
23587
29001
20634
39530
32634
14802
24307
39976
21824
13502
27390
26755
15710
16882
14235
32526
14502
36989
31025
31779
27821
30536
21702
19438
31964
24238
18891
33673
14238
33961
24176
38663
34069
12254
24141
31147
26384
19074
27131
21212
29864
29577
25954
10889
35577
29451
14613
26931
24207
28602
20381
26086
24078
18401
18517
29235
21536
22216
12560
24020
12731
39605
29590
24151
31216
30556
36584
21183
26506
31713
34490
25712
14132
15796
24406
33601
17657
33123
19509
29768
14739
34451
23822
29743
25560
28952
21118
23903
23431
19999
32651
19832
18072
39068
19261
11418
32891
19778
30969
29324
39939
35979
14019
17945
38530
13276
18805
30501
18297
11915
29873
10173
20733
21833
13806
31486
17371
28604
13273
30010
24193
10954
11068
14882
19518
39445
11630
19687
25001
28311
11986
15835
38815
32964
25027
22294
29989
12908
25349
26120
32125
18475
35582
24122
39615
35774
34297
10292
36738
26566
14245
39909
11104
35734
12001
15620
17834
20762
32544
16033
16649
31823
39489
28356
13898
30721
18643
22099
11921
24078
31939
38441
38055
21233
16984
24362
26302
35902
22924
32095
29835
30157
12778
22876
10770
27547
21880
21764
22738
39911
25794
16614
23544
19999
31788
14371
22326
37083
26941
32553
20816
24596
35769
13004
23334
29974
29633
32119
36831
30508
39408
20596
34023
20461
24652
37451
38436
20986
36848
23039
22758
35691
18494
10234
33887
34097
34534
31065
14626
12434
21977
31341
24205
10883
14947
10037
23348
13510
37286
15648
11874
36476
34599
29369
31897
27142
16046
26598
20048
39217
35167
34191
15878
17219
29774
20757
26919
23611
22245
26984
30431
24889
17930
20340
24827
37865
12310
31458
15208
11696
38604
19089
20876
18523
39607
29904
10688
36706
13594
20792
37920
20055
18955
14402
13548
35915
21687
13307
13100
29173
39105
21140
15534
30182
34183
34066
32629
17860
14650
11660
21891
28317
10899
12557
21768
14901
38406
25893
15180
39524
39681
22039
19535
11468
34143
33403
33085
31823
37205
38258
15246
39425
34534
27769
31940
11017
15320
23585
27247
35278
29624
27576
23022
38301
25485
26150
13478
19120
34865
34808
10166
28924
37493
37163
31403
27816
35014
22267
25896
34057
27760
10766
36594
39399
24016
27693
15558
27310
33935
14132
15380
26755
24940
25148
11231
18627
32852
29578
16343
31565
18650
10120
36023
15910
25054
17330
33504
23398
16070
26903
20643
11146
12175
20650
13652
17043
24190
21777
10950
23532
27069
38257
33225
18577
19103
19528
20840
16774
15284
27525
15944
10243
25349
15098
18274
27273
31010
12745
35866
30185
26643
12828
38142
30220
29416
38110
11527
29077
34821
14566
18995
36200
27610
34299
12757
20250
17791
37707
11100
31055
34264
23395
12927
36180
11830
27677
34965
20166
17672
23883
23150
31727
28285
25035
10217
30237
16772
25439
17334
32570
24147
34602
10371
25082
39545
25420
36193
23255
15708
34350
35932
17825
36825
35819
12477
21299
19908
15692
30587
35596
29433
36895
37469
17262
25752
36120
22729
33599
35028
33583
13025
24125
32348
31177
33261
26089
17336
18991
10787
39544
36353
28190
37471
28718
34949
14933
37703
23929
17320
31493
37576
23284
39492
11935
22117
18566
38710
35545
16195
38654
12045
22153
20951
27086
27621
13947
21907
31894
19990
23824
10457
23665
17308
32070
24449
21371
19790
31319
23298
38443
25999
10503
21171
31268
37580
23760
25876
19298
12945
10358
24587
24862
29528
33873
30113
15257
12981
17722
20526
24157
27532
16457
25673
19896
30862
37702
24555
34480
15916
29189
36605
36870
10462
33396
32782
30845
35316
18608
33908
14673
33978
19989
12915
19842
24145
20717
28244
23680
34419
34223
14586
32939
28397
36512
31458
14296
39368
29203
15096
35627
16585
23201
37762
25600
17725
26218
29547
27061
25352
25711
17902
15089
21310
24348
30798
12987
21305
33869
23764
20316
21037
35473
37918
34479
33972
12708
10130
34273
34193
22761
15302
11248
35431
33994
18806
13408
13724
30045
29654
31225
30598
38970
14328
26122
27378
13082
15548
28322
11035
34575
11206
20828
37996
20923
39655
31156
25876
23886
12353
19426
12653
12742
12644
19280
35621
21971
31106
20405
39594
26379
29912
23946
15642
22433
38247
39442
23060
13509
12524
22892
24859
26348
10982
39119
15559
34926
23772
23992
38219
38122
21175
13939
22013
16225
30787
12200
13631
24821
23738
16698
20587
38523
31738
36041
10463
23607
37652
21693
16895
17694
30983
29208
38684
35157
35831
15781
17161
29862
24551
18917
27323
16004
21821
38940
10054
22384
36750
26023
34881
32328
30585
25941
20558
35591
24700
14245
16024
29537
39795
33279
14442
14415
21933
20312
32605
16839
19823
30346
17658
15412
24606
18161
16610
21697
38793
16286
30280
36945
30981
36590
20301
36071
27491
35388
35359
16005
22738
33595
33122
26866
32489
38131
18539
35766
25070
20907
35175
26326
11742
26468
32144
12339
13789
24602
17684
29564
22352
29981
22496
30003
22178
28502
37973
18195
25307
10049
31706
12601
36387
21056
12167
14579
18404
32072
23761
26306
20547
19414
16038
34502
19756
14841
16098
12390
25455
14384
25907
34725
25177
20483
10113
17029
21348
10038
27828
15961
13905
24381
32619
31296
37885
38657
33402
21785
32726
13677
30063
29579
16115
33270
23028
32532
26297
26377
38671
19143
31037
37635
14106
13651
34420
12092
38708
39454
39375
17759
35714
31957
35706
13033
32331
17041
23907
24017
25867
34058
37896
12750
22647
35902
20721
25411
19279
34219
29389
15744
33735
12994
14648
23085
19179
21520
36011
14986
32971
25876
30328
29853
31718
26689
33870
19549
34863
25518
27614
24224
35281
32880
24081
30439
29446
15284
13647
16951
39410
13689
12915
24984
36228
22364
13733
18316
29431
25722
25243
39312
23590
18714
33980
20036
25467
35857
38327
16145
12363
39724
31537
23258
24512
34368
25005
17517
14394
24454
10192
22809
19046
30419
16825
33698
14588
35473
18927
17493
14801
22219
11031
18658
19106
15331
32587
19426
16936
34357
23632
22845
26259
25674
18527
13177
17727
17003
39999
19188
29998
11079
13555
39775
23281
35930
21413
10502
21894
33903
25014
22338
18125
22759
13919
39257
25575
12395
39208
12012
32109
26582
17052
14618
37046
21816
38360
10952
28574
20351
16699
21375
39743
30010
22153
13263
15003
35391
26222
14524
10256
20742
17838
26575
35171
36875
36863
19420
22113
32727
32919
29920
39348
11193
14543
26927
17884
33896
12859
12385
26463
23054
34446
16288
24121
35173
23524
20467
34667
35156
15183
39118
17618
21060
11982
22209
39696
14285
10766
32814
25054
34291
23754
20340
32022
21217
27492
18050
12301
22347
26811
11024
17163
17431
33022
15922
16031
11497
33156
34675
22812
16012
36813
17374
11350
14960
38654
29730
20276
30183
23197
10478
20875
16219
16919
22877
33800
39055
12419
19300
37478
34914
36680
33151
39757
31250
18532
38706
30987
16114
16841
35253
31140
38682
38602
29029
12942
11183
19931
20943
22990
36758
33666
36954
19233
26693
29410
39434
35320
38081
30006
14671
18799
21335
36923
18762
19909
30673
28277
22313
28144
14378
16379
31436
10060
15322
33051
16916
10289
39146
24890
39327
15549
12853
31670
37994
15043
25470
16186
36387
14954
23350
35484
27797
24590
38162
19699
33263
24106
14139
11639
35463
15520
12412
30241
23830
35683
23410
29092
10458
26555
13020
11837
19824
20999
38224
30881
11055
23999
27606
29115
39991
14596
34322
37724
24287
18056
19534
22922
36192
39236
12003
13596
27143
21420
12706
35254
30145
23558
32662
32736
28795
14837
25682
18407
18058
28754
14491
37467
31259
11872
22126
33484
32847
34178
30777
31290
13652
35282
14102
23766
21658
31974
12357
18265
15800
18121
27469
19436
36670
16757
34131
30750
21800
13510
33877
17571
26763
22659
12119
13217
25011
34037
16393
33168
16575
14339
31726
36861
39315
11364
35386
15681
11487
11836
16951
23665
21265
30927
12203
20914
14856
30669
26815
16067
27197
37435
36639
12906
27856
37714
26971
13025
23143
32358
28502
28944
29734
37684
11625
12122
36812
33213
35690
27605
32890
35147
25903
25844
37212
38663
33733
37202
21408
24259
10443
23850
25284
21569
19097
15467
20089
10720
25091
36582
28136
33921
28410
15326
30717
21190
12011
33193
24725
22127
15942
19314
11246
21180
27781
11679
35175
18788
27343
25114
10978
14162
38706
23605
36684
21468
32914
17757
13623
37367
32540
26857
39696
12319
29102
13463
29836
26953
12764
26093
15345
29992
25617
15041
18666
16311
32579
26457
16887
24206
26409
38419
39218
21586
15250
35609
22909
16327
10312
17474
22708
21723
30543
33764
39447
35981
14084
31995
18259
15053
33024
21993
13483
34817
29793
14012
13399
22851
16152
39295
35341
13935
13586
22192
30065
22896
12219
14066
35954
39806
33881
21107
19402
10506
22421
10702
28388
26993
20122
26356
28016
26679
29200
33572
38927
19769
34925
18391
26922
23905
19984
28990
17431
17448
25375
35801
22585
19416
28371
15237
27385
23020
19078
29952
32324
27881
23578
21735
38145
27572
16085
14342
16148
15661
14424
35167
19541
39561
21483
39375
20136
14309
26665
36650
32350
18997
33669
29316
34799
23880
23145
34912
12580
25322
18875
10153
22941
13020
10172
25851
31663
21721
35503
14740
35653
37794
29022
22766
33706
11126
13685
24084
13827
32403
10572
14631
18386
33168
28284
26482
25805
11484
19550
26752
36676
17680
10904
32013
27290
10389
13536
11708
33986
14493
34733
31813
17311
39525
14795
20810
38403
20130
10523
18245
34649
29803
30304
39888
26858
26812
27499
36159
26070
12276
37162
29808
25778
12410
29187
33342
11646
18748
21861
32068
32999
38617
15718
17243
39087
18447
21578
33676
19688
10893
26569
27057
25351
28334
39248
13264
24479
29816
28976
14885
22090
21528
38635
36167
39820
22130
24441
16388
13809
29859
30203
29872
17865
10243
14146
18789
35435
28760
30647
19820
37361
18509
14015
35393
16068
37636
13175
14343
19843
21742
15323
37903
16288
36819
28194
21518
33027
27388
16840
28984
21674
37886
27887
27549
22464
18788
28537
12285
14924
12375
26914
30720
37201
32249
34398
22674
37666
29052
27904
21528
25464
14726
19692
20488
24861
13457
14518
11625
33128
33017
11505
28038
34371
36076
24914
34822
31935
27540
38737
20215
12960
36164
38647
23940
21174
30593
21044
35365
34246
14154
13970
31483
33875
36129
30640
10020
16839
16971
21539
14791
25802
31766
37942
28763
24770
12370
24233
12929
13504
13392
13946
25687
17894
12219
15258
13970
22889
25504
15904
33607
20655
27642
39058
27455
27852
18821
29309
10621
12207
34058
20236
36574
14375
35864
27730
25473
10234
39360
16094
25017
12892
10654
33265
32992
15629
39101
23845
27614
21198
39759
35121
23087
24214
21193
32195
13808
13500
18628
16257