39481
29215
11805
39670
11901
33244
27863
24108
32270
32489
24006
17623
23115
21313
25891
22009
20089
20245
38160
20507
11035
14771
12684
31019
16072
22831
30798
24246
15331
30004
10500
13608
25228
35234
11866
24201
17876
32855
38475
12706
20876
27163
25663
22275
12436
38358
25839
17647
18339
20821
25439
32277
18106
35483
18350
26136
18395
32626
31609
39214
33221
22359
12228
34924
31367
25790
24037
14126
39270
39599
10907
14136
30604
35897
33439
32399
15626
26098
30041
18006
18293
37477
30004
12941
31013
19756
13855
20118
30437
21217
17347
11661
36861
27393
15363
16189
16479
19563
31691
17600
30760
17330
19158
34250
11682
14432
17740
36684
13072
20195
25826
13012
32155
17914
28903
27491
30095
18272
18427
10111
22840
32637
39365
11243
21580
11810
31904
38139
15637
22251
33062
26456
11398
15434
15643
33117
35515
16806
17681
37862
25575
19658
23215
34969
18295
28016
23350
20173
35996
11562
16525
11065
33054
21995
29225
17686
38311
21875
33728
25312
36512
33222
32101
14744
11033
32038
32589
36989
20434
23455
19212
22525
14760
26755
11418
22027
19850
18966
18210
34716
11848
27819
15057
18855
20748
28582
26265
33348
29728
36414
39591
31600
27503
31143
39208
21496
20714
15614
19703
20022
23292
26170
37414
30844
39949
10806
27487
37964
22385
39270
13783
14825
12028
19034
24058
20228
26078
18630
11986
22683
13775
11212
26310
32958
39234
31540
31823
12168
19492
23532
24109
24519
26790
10470
26576
23885
12322
38927
17434
36740
16755
21469
18490
36891
30707
25018
31334
39756
22669
22916
39241
19102
15611
37212
11645
23043
32866
22921
27247
25803
13771
24071
23680
35526
24270
18299
12338
20680
25259
39817
33108
21173
16426
22622
16223
28882
33740
37957
23655
20145
34116
35364
39143
38450
34885
36325
12893
38116
18569
34741
10542
31598
33170
10603
22658
34856
35855
32494
27634
24088
37486
30201
22173
16269
23772
25004
32279
32218
21150
14345
15075
39163
25528
37013
39619
15916
21507
29509
29753
11113
34271
33080
22324
27244
35230
28310
31680
18075
12525
21532
18100
26744
37065
34983
24469
18556
35528
34913
11171
11360
37128
32595
22562
36726
18843
23755
31115
36930
35839
21670
36520
34318
39599
17952
12094
11481
18304
27407
20372
11909
25211
19995
22337
38339
32640
20949
16559
27113
24961
15653
39221
39594
19242
22483
19643
10895
31264
19100
14852
24345
20309
17400
36512
34386
25451
35458
17523
25664
17675
34112
19659
35099
11669
38062
37077
19636
30794
39974
29033
12659
37294
38262
25549
12692
10933
32127
11951
23611
15329
27234
13149
26025
31201
35643
34696
24081
37568
26306
31695
12289
30209
26989
12360
20919
34235
22216
11336
14704
21624
27308
22304
18158
25455
33602
15650
26541
24277
34668
32599
32309
31616
18453
16392
28478
24611
34464
29507
32042
33502
31682
25799
23396
10650
38930
20473
18729
20056
34141
30088
30364
11360
20173
11259
15346
30470
31042
12017
16443
15039
29440
13900
20769
35695
18584
23393
30484
23085
22957
16146
37450
26662
39091
13007
34438
16092
12251
14987
30040
29237
18633
10871
38486
23169
21770
32978
37927
24255
26075
35247
32869
25698
16065
35378
35438
25589
25019
28737
25019
33845
27599
27856
35978
22962
10148
19770
17099
29190
22735
30608
10037
12045
13784
18769
33191
33193
31297
36294
13582
28571
17274
22089
27417
15382
36353
33318
23110
37377
26082
23178
31294
24505
10457
13860
32871
22621
36607
26888
21991
35763
14154
32439
29630
36838
24492
39265
16341
22725
15791
33782
11697
13791
14961
26888
13042
37455
16744
10026
24516
21029
17621
21756
21642
11043
25268
17106
31454
27936
20645
29012
30458
11193
11103
14119
12369
23038
32504
34491
35652
17852
23342
31742
34631
31864
26355
15321
34036
28054
39246
30615
31642
14192
30698
25086
28222
13672
25761
33112
15764
39614
19278
16756
21045
39789
14797
39948
26172
26354
13417
23237
33913
37147
35579
26287
34081
12674
28428
18373
35163
19662
20208
24813
36480
16704
24257
28140
36108
22282
30657
12547
24198
24726
37291
20255
24596
26438
31068
21826
26329
26532
34926
17145
16615
28203
24152
16403
23189
18351
34565
24725
39356
11921
18191
35705
17534
12879
34319
39385
10604
38007
12776
10423
36293
13359
31223
11122
16315
24160
25982
16406
12163
35421
30432
10913
19026
20547
16369
36508
12125
27944
26913
17974
23674
31973
27788
24074
30555
35966
39190
29119
30922
23900
32789
39788
12865
38795
15446
36285
13656
23488
22180
10358
31796
23352
32063
15795
36371
14609
35803
33390
35483
26098
36369
39282
30889
13613
37764
31727
28280
14862
11237
32103
13632
37928
23765
14139
13620
14589
12768
35484
39031
16945
28957
19286
12062
39591
34121
31421
29863
11589
15802
36652
11833
14932
26061
18786
29484
27663
26894
14671
12695
26248
28939
36945
29781
27663
11188
32307
25877
31997
34846
32540
23416
13598
38884
16904
22450
35801
33255
20185
17487
17321
18646
35520
32728
11921
13275
29285
29253
11481
16708
15712
33817
17107
32072
13165
15945
34550
10605
13312
37899
28224
36929
23492
14426
27606
22441
19181
23815
38074
24559
25692
38498
31129
27942
34528
31386
35003
16656
28073
28854
37778
32056
15618
22546
20205
17548
24722
39903
10760
14731
21594
13389
33810
32787
36798
16414
34300
23074
39812
27601
29038
14491
25860
21187
11445
37441
30284
36283
13456
18741
30544
32311
14142
20340
27164
24877
19396
32566
19710
19495
17666
12369
17295
21452
10766
26833
21458
39888
34855
28714
18045
38141
20358
37283
39882
17728
35282
19183
26766
38026
28705
24553
29094
10827
16013
33510
10719
17644
27142
24442
30070
21238
29433
13112
17970
25685
23669
32149
22372
29060
11094
27105
12668
18833
18682
25088
14047
18919
27915
37813
38318
36171
20933
16721
27050
26252
37220
30642
27751
36005
31401
36326
29542
26911
32791
19715
24303
17930
39643
19477
35765
37442
33783
10018
25702
21190
23411
39433
12093
18277
15830
10012
32630
31641
21450
11013
35731
34254
34830
26664
32094
35855
17210
37627
18971
35780
12014
19890
21726
25279
36489
31288
22708
35229
10262
28391
20340
13399
18997
16330
23620
37954
24260
33935
20101
27845
39093
11610
10081
32032
28495
18691
23409
39856
30475
28060
28484
32993
14623
29426
19422
25037
38468
11809
22957
26350
35254
29661
19366
17554
22881
15890
11255
17850
26086
19600
21157
29665
18215
30964
28024
38722
27760
24789
29060
32361
37975
10180
23917
15707
35217
10743
10727
21536
31758
35621
29730
19472
26772
22028
31260
18181
10980
14070
21447
13160
11282
11845
32649
10324
36976
14881
18041
21481
18709
14796
10548
20283
33736
39223
32209
26116
33911
39865
37758
17234
18294
11680
12070
29511
23454
38515
31411
19494
32678
30420
18137
39056
32584
12020
26018
25478
18996
10593
25383
34602
39012
14991
21388
36596
12367
20054
17109
21849
27023
10324
39381
29102
23596
20012
30884
13944
29790
24247
10209
27478
31755
27545
37132
11680
11679
39831
31126
34385
30679
37494
13768
17459
28001
21523
36435
33933
24322
27730
26850
37119
11145
28221
33155
31322
25222
14242
13532
32693
11073
31410
17124
28282
37917
38267
19193
19266
13949
36670
11685
12279
30065
27959
18150
14769
21155
25346
17826
32014
17810
37385
32965
20598
26872
24729
37232
36716
36678
29852
21285
23054
26061
12078
17728
39761
12025
27682
24806
15908
32273
13714
31861
22691
24347
13542
15246
22057
27757
34451
33573
20422
32913
18880
25262
10715
34059
22575
10226
38418
31079
31594
36507
27217
32710
23996
34576
37271
16145
24191
24998
37559
19186
26541
33037
11367
17229
34494
28013
38299
26870
13112
25579
33280
30460
33904
32304
30434
15267
34941
21030
25494
20988
33855
10544
34669
14826
21527
23278
30995
20707
13508
36240
19444
36330
10587
11693
27732
11773
39993
18968
12114
38113
29171
24062
23485
28085
18887
24242
22036
20769
36374
27783
28441
28408
35644
30824
26780
23731
32895
24002
31439
37682
39238
19417
31167
32050
25838
38236
24500
22838
19309
31033
16647
13619
33880
20005
12875
35779
17279
17976
38148
38862
19882
12998
35041
18512
37120
16933
32029
29390
20260
26662
39530
35191
24055
17848
19881
18374
19743
20765
23308
30290
17840
19049
39335
33116
25471
30177
20383
34437
11789
14559
11660
15839
33053
31392
13301
18283
13784
18553
32676
25087
20019
38586
27899
29108
13360
15934
19808
34179
15826
14656
11825
35526
11917
29660
25738
38919
15212
11243
13279
13977
28410
24536
16547
26790
26761
29253
18883
36008
27647
38595
29578
21246
25161
11482
10867
26672
34545
20780
25511
13737
13834
34542
17246
37815
26666
23026
34124
31499
10730
38692
23812
29400
22266
33551
14173
36374
34904
30471
22970
35562
36374
35179
35071
27356
37826
32687
34275
31761
28935
11684
29272
39427
39665
25816
16063
22846
28314
30259
13101
15112
35985
36645
17114
38259
26956
37403
38017
37431
31525
22814
25818
18124
16075
28793
14739
18238
14181
19919
19731
27913
11882
27226
22244
28890
30245
11578
23631
25567
26361
12438
34896
26985
28608
32034
35998
30944
39604
35076
36890
25049
37171
39499
30440
21878
16743
13705
27343
20145
38463
33237
23240
34851
23159
29266
30248
24264
25119
22351
36082
36553
16851
26268
29911
31165
10915
27146
20557
37145
29823
35676
11786
32810
29847
37210
22603
17167
18612
10846
31476
27451
13526
25753
23302
14491
34382
14072
24007
15296
35709
16640
15458
12605
37121
30698
33069
15461
22143
16202
39030
37526
28997
10564
26875
27979
35555
16665
12066
39088
27499
30328
36165
16484
19032
29934
37535
27288
17874
11618
13900
14031
18604
17683
37319
34779
39645
10816
20947
36224
17365
38218
34463
29715
23981
28444
28275
25125
37203
25687
11485
38669
18456
12623
13733
24104
29409
32778
18650
25549
12502
25418
22709
25911
21077
21245
25431
33779
22808
30043
25688
21744
32826
37180
32416
34503
18388
33720
14551
21658
27571
36740
25588
13117
14969
35760
12234
16015
19434
32184
17301
21867
28341
34071
11065
29999
32265
21112
36019
39749
18177
32209
38862
36533
27219
16732
25814
30210
25798
21150
35126
20155
28069
26322
38286
16905
21218
36503
23529
13313
21498
14823
35682
32818
27766
31787
17981
26193
16627
33289
35055
29362
19365
39013
16905
36268
12159
25964
22809
14239
32211
28708
15599
25749
15350
28043
13842
17370
39181
37544
19624
29723
39719
24753
19454
30518
39817
26374
24304
28522
10557
13019
31212
20737
25920
10543
31629
16868
33905
12093
22777
10666
38893
14104
20728
36535
25641
22567
25266
25627
18382
33851
35274
39704
12338
19821
26887
32183
22168
33211
18952
23059
21642
18215
34709
31924
19707
39125
19746
28462
21192
27547
17259
19871
26791
37357
20480
19551
27146
10168
31161
36915
21989
19257
22366
37965
17858
22324
23288
24777
34708
24464
14696
38565
22902
12230
15590
11479
25497
33684
20808
19243
37618
39438
18082
10916
35926
28137
36213
30239
25947
33418
18446
31687
13985
36981
35229
20442
12814
36569
24288
16241
36854
23147
36038
32933
11421
39280
24248
38905
23671
12268
17896
25134
31125
22213
15561
17627
33080
13317
19017
11706
36733
29850
17235
10899
38602
14318
18987
33205
17845
31631
16534
13796
39245
37908
11719
35328
18043
14747
11042
10543
35382
19027
37931
25966
38463
19502
13150
32272
39399
33512
12036
16822
28462
19145
24789
35886
22539
39228
23287
24875
25776
33828
33950
13353
24881
32338
35236
26514
23565
10532
14513
37909
24130
36513
11353
26778
21708
29833
23392
13901
26196
25036
19189
23108
12481
18093
15634
22540
22789
18792
11557
10798
18963
13689
15851
32234
23216
19917
30087
18108
11820
20458
36428
29061
23113
14329
29086
35507
28638
23542
11513
34979
25248
23006
23918
16994
19904
39908
33744
11495
11661
24897
20417
30443
13744
10043
11354
14269
11346
20880
21351
13513
17649
27116
24898
25873
20129
14075
34145
22219
17486
28949
18604
13531
22875
15556
11337
31836
22323
25075
22560
11176
20651
18784
11644
38617
18856
18799
10456
30424
34088
31999
39937
26700
10758
19795
15983
17521
39871
27670
19907
22200
28318
12035
18308
25491
24262
14955
25603
17096
11599
38426
13117
18237
25725
18311
15966
18497
35578
16046
18984
14703
31933
12903
37750
18731
19484
37528
18057
32840
10965
26325
11306
27112
29735
24857
17576
39498
15976
22076
23919
10097
39183
11253
18317
23218
11835
37588
38447
20178
33468
40000
16932
10091
32395
22988
29077
39398
39248
39291
10288
15105
21073
22868
29950
22588
32645
25535
13278
22939
33815
22411
12132
20555
26438
17946
26050
34846
22023
22457
24224
37838
38669
26702
18953
26787
32759
21473
14691
14790
25170
35197
37705
35127
16199
35840
25715
32691
26113
23041
31445
21850
16932
37549
35582
27348
23822
15187
12892
12150
17292
12367
14257
12666
16744
31160
30028
24951
20308
24623
39127
20316
28100
31515
17481
10592
15966
13450
33475
38676
13084
14308
29934
18257
13545
15993
22535
30106
30595
29501
34221
29855
38159
34400
16692
29574
23731
29809
28489
14303
17775
31788
10917
34938
17683
12106
30125
26333
10330
18205
14710
18984
20889
24933
28138
32697
11862
39604
24144
24738
32999
25287
20258
13200
10340
39356
31816
26196
37957
17593
16926
13623
20784
35478
14458
17039
10662
33426
25810
19849
35860
38635
30183
19714
39161
19584
32237
22610
21629
22418
23268
27986
20596
17592
31775
36241
22102
30333
12990
18733
20952
17454
25556
25718
11373
32094
39216
25147
36035
17592
28274
18190
37162
29992
31433
30866
35915
14252
37103
20040
25046
18093
18778
35850
32384
19823
16013
21203
34757
27340
30462
27646
29845
39853
23759
12543
23660
34308
26453
18183
13500
14887
36054
25365
12994
11099
23879
10730
33620
13185
17983
30482
34864
30302
31089
19057
25788
22138
23941
22245
14948
27782
18645
28701
25110
31525
28725
15853
21794
38779
33942
29946
23302
11530
10641
36862
30365
19841
33557
30078
22513
23252
21303
35429
25086
19749
15778
33719
14812
12459
24524
19913
14139
21991
29672
31103
37076
29977
29224
19014
25032
19082
39582
13146
24599
15586
20130
34795
32930
25429
22910
25479
23046
33849
32449
25835
26699
36030
17850
21964
22646
27112
21966
36351
19608
20180
12513
28983
14413
15011
12820
17621
31817
13715
21539
36540
36304
19583
29047
11620
35760
14529
29892
18002
26523
36958
12346
18340
21271
22854
19792
34688
32804
36524
11718
18204
25628
15616
20293
18589
27625
24476
34405
15368
12697
24097
17479
19931
37828
10349
22717
24533
36867
29071
25751
10145
23894
21430
22082
23397
27631
11526
15742
16407
34125
20654
19675
24018
28771
33518
16900
22416
22285
37536
24465
25503
21116
14261
39569
21916
16522
13443
13332
12026
36767
19998
27931
34998
18818
16981
15091
12840
11242
34737
32819
11669
35067
37139
34389
39883
10249
15098
31755
35948
25411
30088
25434
34068
24534
33348
12209
13824
37257
25700
14223
33119
10995
32285
25352
28960
20657
29525
24097
15454
15912
16134
21909
21658
30760
12625
39270
21960
33224
38863
29283
36048
17999
35201
38974
24829
19548
33238
16448
19190
30971
13370
35179
12314
11519
37153
14125
25071
21423
10394
23015
18052
20484
14341
38508
38518
27890
32284
31448
27713
32665
19867
13856
14841
16741
32159
29333
22022
29788
28294
11904
20744
30758
18907
39803
23353
21018
39492
17943
22230
38661
35634
18692
19941
29087
32446
20806
26375
26640
18854
25007
30776
32167
18039
16850
21068
22845
13328
31436
12647
14704
31932
25096
15501
21082
19837
33265
35602
26138
23122
30364
28520
15224
35101
35468
16259
33942
31138
31958
37969
14356
33632
25925
27678
18072
38775
38082
15182
19184
17184
21924
14739
23416
28496
35570
15230
21294
38054
20353
35499
32232
10607
35590
36827
19418
28022
24956
29110
23466
16469
28671
31259
34326
10447
35663
39710
39011
29459
35828
37053
27115
21931
13589
37484
27262
34872
25680
38426
36810
20936
31945
23224
32494
16906
23407
10196
32583
17409
10230
36945
35162
24925
29898
31555
25435
28962
23948
12410
35909
35990
34425
25251
13523
22899
38502
16674
12643
30606
39114
32700
31225
14534
26863
30696
35597
32572
14191
29067
27278
20332
12292
37726
24345
27257
29583
10713
21921
23127
18619
23793
22164
38562
16795
30073
36893
19562
16080
27164
16120
31149
36223
35207
27716
16410
33088
29091
36858
35020
18863
13754
12728
38515
19849
38558
34816
26302
29979
36756
38619
10857
11880
29479
17604
22585
24899
29605
16081
17022
12256
20846
21601
30660
37358
27136
10007
23320
34847
11891
14261
19978
30748
25316
10454
21425
15656
10569
17199
33953
15866
18869
17947
15474
16710
17158
22530
17830
20271
20568
24104
12078
35816
23424
14719
26946
38912
29003
27298
18169
39845
33008
33832
19142
34818
13844
33175
28327
23677
23237
21074
17717
33598
19598
16919
19350
29548
39679
14512
15259
22599
14612
12447
25156
19139
21692
20395
11866
18748
10362
12079
23475
28854
15622
13066
36023
10535
20936
21706
23908
31853
30987
33835
12295
36202
31750
38611
26172
20216
21982
10254
28010
22577
23541
33675
10068
23877
38694
18928
27117
17419
18018
31962
26218
27939
29848
22981
36771
33778
27404
29140
24695
21503
20524
38515
39467
22734
11501
17425
29747
39557
32602
19319
24679
18744
36902
37378
26539
38797
35450
22688
39445
11147
16825
27451
15758
19247
18490
11325
27890
13446
39112
31578
34486
39587
15319
22957
32584
27537
18814
21422
14988
34354
19855
32390
19272
39829
17428
27647
16240
14470
22750
17312
14553
26726
32355
24710
29205
29471
36111
21108
10289
28852
37916
22500
31303
10634
24689
31745
30195
32582
18946
32888
34254
34110
10957
24747
32418
34549
20752
23764
23050
20082
20824
38792
39585
28577
16855
31498
39922
11786
12598
27267
28010
26904
13591
24963
15483
29098
38093
18583
23617
21850
30480
21132
23950
30368
15298
23860
24673
23926
30852
36866
21547
34799
31768
36559
10222
31008
24313
35906
34580
27893
21190
30120
24493
31217
17592
11462
26329
36791
31357
34618
28729
32192
28343
30774
17555
12017
32554
19736
29337
26567
15418
30594
25332
12002
21978
33257
23732
25854
29149
29886
19071
18250
39113
28292
20847
14248
24025
19735
12548
14709
12803
17109
39080
21190
12642
10429
34398
31149
25710
30147
24677
25904
23545
28682
29269
33921
29365
13976
38221
35878
31307
37813
36024
17796
36029
14469
11600
10744
24614
31071
27427
21272
30951
30408
28876
14964
10895
19402
38766
20594
11763
21842
36003
15239
29234
12011
29735
20423
30033
12385
20685
29473
11966
14826
18680
17933
26962
21164
18366
29039
39628
29866
21838
24548
12147
26601
36168
21258
28699
10967
36428
10042
35999
33743
24325
21808
15383
22985
11634
39899
11223
30786
22709
36990
34845
25699
37413
16787
30966
27420
30911
36556
34715
13876
13219
18679
17326
29909
33852
25190
36602
17475
37845
23888
38933
13841
38413
33945
21252
13011
32322
26210
25346
18767
22810
31723
16453
17546
17747
13056
12521
26947
28839
37679
36314
13404
22199
21236
20682
33845
12022
30308
19629
10681
10046
31228
16172
24728
37578
24270
38067
14471
32190
14479
29346
20688
34894
29716
32739
14471
22864
22907
27147
11146
34788
18981
25709
22804
32321
39340
19757
13439
13989
16348
20868
26705
13860
38451
38236
13944
26851
36433
19869
28626
14952
23758
35561
34318
20892
28473
36271
19816
37778
36931
29133
25046
12521
13376
32995
38607
18139
11026
23335
19398
23306
15566
15615
21251
11358
27213
30398
10482
26426
10133
24823
11132
11487
22118
29120
25780
21323
16234
13929
27737
33486
13213
14929
37335
20137
11048
16119
36337
26433
37863
13612
19436
13969
10030
11520
12384
26797
22226
18091
18003
14256
18268
38681
15646
31753
11677
28709
35665
24464
27231
32426
30992
21046
29399
20337
30651
18584
29167
17641
39117
14897
21244
37311
14582
31405
18526
32082
26751
26926
16599
14894
21599
28652
36609
27872
29971
18468
29619
11615
37455
21471
25198
10480
29259
15664
20432
26162
38058
21454
36096
28322
15000
16119
22275
36486
24933
35078
24405
36680
27175
19720
32841
23756
24782
29660
35388
30023
27506
18626
25499
16545
21917
15344
14833
12218
10546
31728
28398
37561
34784
11728
23929
32978
10206
20193
22300
12772
10062
29877
23334
19349
20633
28322
30413
26310
11813
32342
32610
33064
10888
19367
30662
12428
16533
14982
34739
24507
10708
23036
28474
13415
22094
18351
26623
26593
29795
26996
38029
30714
38828
10497
36941
37460
12299
21556
25172
21446
14398
23069
34834
18098
36861
13198
38819
17995
17437
30715
33383
10611
19647
15780
16339
35579
31575
13483
21223
29787
39292
14692
22859
29537
19388
30558
36126
21435
27546
32370
26339
17284
37109
15791
37210
20481
25983
22317
21566
13067
11939
34966
32187
25794
33315
15633
23768
36811
34152
27449
10040
12238
18033
39989
30553
17627
20746
37194
19777
13873
30175
21545
25356
35695
18682
19864
16370
24046
35195
12633
21129
23030
26015
19025
25119
23025
37248
23719
30006
18035
27629
15934
15552
32483
33357
18470
26638
32728
12489
15541
13138
17517
15156
19115
35459
39895
31167
29813
10464
33537
23640
30898
29530
31597
39835
32215
13725
35737
38248
10195
35403
26733
17094
15085
18055
34431
36338
15131
10579
37699
30342
14420
20596
35508
21363
32529
23785
36159
16941
23368
31715
35858
15280
22361
18628
34441
13079
22694
34413
24073
28809
19577
30933
33352
21547
35210
19204
36729
19795
31281
16299
36411
10662
14088
16726
36672
35278
16384
13791
24705
34249
35762
32388
16207
30564
31525
39747
35605
22305
20016
38975
33177
37043
38324
34368
27245
23239
20991
23007
15363
19891
33044
33322
18893
32198
12846
13251
14584
29760
22870
31193
37127
27526
28885
33351
30645
17866
22100
39774
17096
25394
39341
25206
29713
33126
29044
22569
31065
24114
28011
14796
23622
15542
29437
27031
34165
34005
17483
24528
36318
18313
26919
19294
25744
25474
28476
34737
39131
34632
29128
14010
12998
19039
31862
25875
20399
32707
38529
14314
36652
12287
31467
35187
27624
16392
17515
38136
28613
26979
16319
37936
21544
24704
22932
19130
36265
11481
20129
38531
35088
23629
23662
22119
28559
31859
38023
24768
11811
15881
29812
28603
23371
18510
16859
25193
25433
17414
12791
17478
24375
38105
33950
25423
26331
10727
25073
11939
29645
31571
17991
34702
21452
20732
32807
20537
32334
33478
31222
22412
27760
33962
31433
28091
25773
10764
37504
10746
16768
20919
38363
21517
17513
32168
22507
15049
17995
22282
19299
12268
21488
19817
11672
10459
26075
39238
31692
10081
30117
15477
30015
34186
38879
31341
13673
16021
16945
32760
39733
37434
38550
27772
27724
20925
13954
35789
31174
21866
10089
28480
30943
21321
14464
11120
19099
12800
13057
15095
17813
18469
14327
19166
28032
38262
29036
21061
16703
34819
31111
15386
23366
10295
10852
13729
22013
32490
26963
21481
13704
23792
32052
39421
34302
29497
27839
14379
24087
20594
14005
35488
15997
24792
25959
13627
17341
30218
10272
16936
37919
31955
23253
22303
36216
23931
38755
13407
31025
39020
12415
13211
22240
15105
12270
18286
18751
39996
38787
11392
10637
29284
14230
38695
20863
38084
12189
24097
28552
23935
27173
23119
39184
37631
17975
30191
35538
31820
28960
27680
39653
25087
30503
26636
33006
13402
11346
20855
25726
18783
11635
22653
33190
23738
26331
25410
13380
21264
22280
15623
13313
27936
22816
38414
33850
14370
30877
24867
37129
19046
11293
36443
34177
26717
20026
16810
10572
22439
23629
33834
32085
31548
32962
24577
34440
35144
26395
22146
11725
36172
14443
12792
10822
14116
35418
29909
33378
12570
36763
33943
10299
12257
22482
36151
39241
34459
19855
29290
30920
14784
20941
38731
14386
34777
30412
37222
39171
32843
37995
18189
23017
28474
25500
21256
31828
17571
27108
15225
10789
28940
29019
36699
36293
10634
18992
13874
37002
20000
38924
30068
36483
27032
27560
25105
20767
18034
15319
34827
13551
15682
31235
10819
11622
20206
13192
11345
34540
22476
26842
14746
14146
15909
14503
32218
38981
27601
24503
15811
19867
20882
11549
11757
36775
11671
15687
37399
39734
38482
26765
21671
21423
32961
26728
12458
17115
37631
16167
24123
10475
22106
15796
15322
18808
30969
17642
28933
18070
29661
39839
19482
39358
23747
26388
30554
29065
13149
28277
26432
29700
33782
12991
39885
10176
30785
38854
18138
12121
28745
19635
31980
39250
39037
38644
13444
10007
20334
20468
23137
31714
32346
21836
30778
12166
16340
35268
17504
26953
39436
13437
14971
36393
27724
21517
32722
35212
13633
16979
17524
23521
34989
15175
34697
31853
29153
11116
32830
12343
19345
30896
27667
10160
12775
27257
29455
26645
23308
34215
27285
35603
11299
22419
19618
24269
22308
24071
32888
15984
18723
32652
39034
13036
23062
10818
18371
24197
12634
17057
13369
29965
11029
38045
38634
16492
33745
25532
14045
17086
22322
24480
35928
24568
15416
33785
30047
22846
15070
20255
28538
23287
24341
30030
23145
17913
33708
16991
38937
11464
39939
13215
34960
10119
17851
28346
11327
17944
17205
31356
28626
37421
39687
24054
18530
17182
39030
18338
25021
15652
17560
32618
14551
12842
13631
33142
30896
21595
10752
29455
26237
21369
30634
26619
16212
13351
24722
30987
15713
13075
39638
33766
19219
25063
34937
33688
28396
14146
34429
27766
32400
13634
21829
18443
14944
16081
37562
24683
24922
20796
39822
22910
36593
17108
18035
31571
32471
12907
36003
39770
29728
19812
16205
25827
29777
12354
10437
24946
18285
10435
21223
38637
28067
12433
31077
25850
31740
19833
17427
22217
11508
37956
28829
29458
12355
27087
35140
25077
24440
39764
14506
35540
37525
12797
18065
11030
31814
10333
12507
38751
36351
18294
22311
32858
24836
37882
30785
31147
16172
26584
20510
30976
34632
32938
17324
28136
39951
39743
15614
39444
33031
16043
28238
29447
24605
16096
12436
37495
38630
29879
33168
22527
19404
31302
24838
10305
36618
11444
11840
17233
17583
37612
21987
20131
11050
13691
23934
14447
39770
27253
31195
32746
31434
34916
20590
31821
12565
31207
15959
39205
26354
30129
13367
39932
26444
20886
15200
19570
31738
13705
24472
20583
22161
35469
17115
24870
24408
35060
34062
18637
11925
27161
28497
32117
34809
13946
20206
32612
34787
33013
28881
18646
29941
17866
26593
16102
27048
13170
13417
26785
35714
20931
19153
33747
17039
28910
11956
36442
38161
31935
14685
24747
32224
32363
20835
15902
32148
32971
17319
12642
21516
32388
38500
26026
35799
29148
33232
14861
23535
28694
23115
19109
36794
33043
11397
36047
19941
25268
17863
15976
37179
36353
26728
38694
29120
31603
21439
14935
16309
29300
14348
22349
26575
22767
12791
37994
20051
34231
14927
12072
16821
12487
19822
13188
23381
30267
35410
38029
20685
17672
31272
12508
11858
14862
15770
25199
13278
28711
12589
24616
38771
33728
23345
26910
12195
34370
34055
33926
16221
14218
17717
24759
12850
20874
25526
30345
25601
21619
26240
16614
12360
25439
33742
32811
22985
33350
27493
37079
15633
32936
26188
28044
32869
21496
36389
26923
27213
35183
31676
16928
11482
10866
10255
13145
19481
39750
28458
24748
23639
32050
38803
27712
30058
32776
33964
15021
24951
10929
18675
21733
35268
25810
19696
18613
17761
10485
31212
25216
39477
18140
15510
35083
24807
34497
14089
19537
16421
11925
39909
39084
26519
37036
33099
37964
38857
27070
36933
19536
20713
10866
35861
18215
12752
19134
12956
33632
12730
13004
38698
20340
21439
28594
39258
20243
23598
32439
22790
22766
16536
23836
39386
29526
28692
11909
10395
25926
39027
11643
18414
38874
30849
33155
13599
30505
12612
24340
38300
21244
30512
33252
34741
39692
12091
24947
11397
12684
11983
19134
17509
25119
28393
30300
30745
21484
27372
10574
27486
24394
31140
12476
11239
26752
25135
12244
17699
38702
35675
36702
22260
29855
16619
11447
11745
19919
18085
35308
17287
36864
13335
21927
27750
23311
29499
13920
38875
18692
10763
12540
13227
14549
16081
36868
31443
29810
16781
17375
16693
12769
39283
27442
11669
27228
18004
25300
33048
17682
22202
34273
15528
19281
23417
36672
26479
33444
15409
29737
22473
34459
31509
34731
39316
37861
16739
38281
14356
28236
23576
25655
25156
11427
20751
35902
34839
25334
16510
29898
30193
12489
28456
17278
27381
30189
15273
10871
31600
33762
27091
34573
29565
17422
23850
27856
38170
34788
11265
37157
13067
27940
26585
16663
39557
19341
38839
28247
11116
32227
36671
30763
18505
10738
38678
14040
15545
25209
18240
24836
27535
27655
18949
20299
34229
31263
21143
12264
11951
14989
27366
37247
19500
27093
22051
29747
30371
34221
18926
17196
13999
14455
15438
10981
23948
20174
17313
12799
26798
25197
21342
26368
36747
38893
36040
34781
35100
38771
25455
24436
14379
35898
26423
15838
14841
12999
28942
23916
30724
38495
17618
13410
36440
24984
38265
27837
28901
21872
15374
32521
34429
14974
35564
23111
12042
19061
19375
12124
28220
36632
13302
31349
35703
19272
11777
26929
14896
11547
34307
10330
23647
16048
33421
35736
32246
24166
15845
29270
17201
16583
27636
14991
18491
30718
27755
11082
38718
10132
38141
14742
12251
30516
23891
16070
16080
14754
12069
33089
28528
38926
13636
36824
18143
38197
25506
36816
13436
16113
28025
36176
12483
30320
38766
16811
30787
32555
31909
39827
16119
12458
35300
18657
21380
29113
21932
26121
24503
33703
21258
27663
31133
26143
31888
34501
16773
39130
31402
13777
32610
38407
19063
30933
29751
18388
26471
39393
17358
10720
28432
39705
31178
21805
21197
14577
30066
37748
26543
24353
38006
12504
38607
12410
10345
16820
24226
15875
14125
39379
19233
24647
27366
28956
18410
32684
21435
34785
39624
37388
38289
17205
28135
12232
30625
16782
20650
31285
21059
26156
11310
35624
32367
17671
32858
15048
33633
19588
13976
14557
37376
28067
31666
33974
30438
14844
33013
32966
19780
14881
21116
24036
29132
11262
18097
33999
27171
38127
30084
36387
29401
25346
29787
22111
27517
12241
38628
30739
37483
37769
27706
14568
12523
31887
14111
26545
24270
10627
29941
28544
38316
33983
38777
34254
34648
26632
22109
31616
18189
13754
10943
14485
18339
16078
39403
35675
30728
29499
35300
24187
25554
27607
14568
26913
34928
20274
19501
21455
25216
16748
19181
28234
17292
24635
31745
16620
28420
38628
29885
24303
32039
24067
18049
10818
36442
33347
25702
36545
39883
38887
19145
38630
17511
16521
36564
11468
18319
12255
25459
29184
20153
37969
29465
26034
12536
37578
10071
17768
38757
27471
14763
39749
11578
26450
29682
28930
13603
25067
23251
29479
24688
31463
21664
33433
20481
19254
13836
15962
22757
23823
35566
15811
27637
28277
27766
17619
12512
24260
22517
16099
18558
32795
19102
14172
33374
15337
37756
12108
23091
32391
38016
13356
28522
13754
27375
23546
16201
25373
17828
18863
35787
36825
18273
29464
28037
19132
25731
10795
16451
33252
24257
36051
28350
26747
19050
29670
24457
11561
23815
34098
34565
32292
21993
34465
22954
12461
10856
12220
34242
22529
19163
16084
24661
17148
22127
29584
28501
34151
32993
31009
10157
34817
20853
10154
23806
32360
10364
33333
20948
11328
15690
12319
15801
27763
30738
36581
11461
32583
18922
29327
13431
18891
29351
33192
18607
38239
17583
14693
27364
22158
23593
13016
16029
24661
26105
30817
16262
11646
29882
11072
26255
14175
39255
17472
36368
19419
21298
30599
39575
34391
14108
22566
11401
10594
31766
21453
20460
23128
35968
22945
14020
21863
30940
18085
18044
37798
16212
12078
15307
34668
30824
32118
27445
22756
35483
34471
14668
20356
11438
16656
33104
36829
34039
30205
36287
23240
23687
17120
38556
17384
21411
12708
17371
27690
39561
24087
11659
34269
27689
15337
39438
37295
25283
19547
16692
17012
35905
13195
35036
15531
23316
34628
35194
34456
21140
16368
25351
28860
21665
28525
34242
37598
35195
11789
22833
19560
39198
19842
26472
19838
22724
32006
17526
27082
26358
21726
11783
17124
34945
25439
15031
39465
30440
31098
11421
25040
16521
23606
24298
20604
17714
34649
23091
23021
31699
18996
15509
27865
10324
28652
26528
18700
39020
37184
30761
13933
26368
30792
12429
39361
18966
31703
31976
33842
37550
34315
21187
31101
20849
19838
38068
30254
22250
23873
31814
38591
23461
19044
37458
37421
27681
23710
22125
26174
22599
37794
33707
22551
12542
29320
19822
37530
36532
17488
37933
12063
12504
37477
10410
34522
14202
19107
35339
38209
22858
12070
21204
37979
27777
39583
13236
30389
29781
33781
20757
11391
23021
28570
39597
13986
39162
23878
32450
31343
38023
14428
16610
39727
23190
15486
11075
14562
16880
25097
13331
13679
26905
10133
16326
22177
39162
17282
20296
35247
18970
23060
39109
32977
37410
27696
28684
25253
17601
35608
15074
22593
34617
33750
34384
27198
18454
31663
29569
17849
11140
25942
38123
23326
32496
30490
21501
10024
35679
26437
32927
18630
34199
13803
23264
36924
27967
25973
30488
10156
37075
35339
30605
18410
28748
19010
18651
18643
22139
17838
36154
12035
15794
36874
12750
26119
24047
27903
16186
30788
13647
36810
33871
11273
24699
30535
26163
19525
30277
36265
24169
26835
39750
11793
30188
16169
10326
15418
14867
14261
37156
39766
32493
17173
36538
39156
15385
34274
11479
11732
24404
16496
19301
19772
16710
15621
11125
20163
39985
21510
25959
33123
25100
33029
14328
21367
31544
23980
11452
31612
26114
20851
39778
30604
29937
15656
20414
27619
18720
36116
29887
27246
12493
38086
38944
35474
14978
16706
14431
23119
15795
35202
20743
30815
27714
20257
15733
38307
23037
39889
36550
30127
14609
36804
25477
26037
34515
26424
25408
17952
31025
12980
17339
15725
23414
22721
22874
15856
19868
38840
17964
37075
13336
19721
33862
12546
23083
29094
27023
12161
30936
27134
18780
22699
31208
13139
11924
22677
25796
28332
23659
18199
12236
26061
15335
20825
38700
28411
28607
30430
13464
27653
37089
15962
25276
11707
29230
26696
29359
30468
24060
31054
31918
30582
22844
22138
35388
10516
17299
31916
35895
28726
19657
13296
24246
38200
38482
14855
27930
20960
21200
29409
22202
17377
16233
10902
34313
38033
34614
29447
15479
10827
29851
25053
29096
22331
20710
29527
10151
27401
24746
19513
34002
16202
21659
37802
22948
32005
17328
31640
13750
18040
33941
11905
37633
36610
31363
19805
32127
10843
14643
25332
16475
24721
14577
22181
24754
26878
34848
31620
25521
13359
13959
12894
38093
12230
11272
37116
27681
20381
38322
32207
34670
14154
22864
39376
35378
31708
15198
37914
37064
39784
26095
25189
12167
11075
22096
30979
17493
25010
19822
25150
16262
32534
13365
19291
15826
32630
15450
25808
20734
29013
16292
20025
38684
33759
19914
31689
32721
18302
30472
22221
29112
17476
31082
25518
17112
33837
35207
14258
14767
23688
38651
30789
18745
12398
32779
24645
17815
28151
19523
26112
15991
27196
24676
28851
25739
17261
26462
32396
22962
12238
13412
30840
25320
28116
23923
29268
28524
10776
39026
35787
34160
28671
11852
14935
26514
25947
39950
14531
34557
38086
39773
29332
28111
38218
15737
17449
20718
35010
10360
27086
33774
33837
17926
20816
39482
38297
15983
22456
19277
10433
17097
32287
25986
39742
23575
14070
19925
21526
31360
21106
30001
18020
32614
23148
19062
23705
22369
15221
12984
26520
32003
35970
25980
11473
29208
18653
23630
15414
11605
28489
26543
32421
32947
28772
25121
20323
32629
13347
13393
21119
17046
15226
27564
35046
23156
28939
25261
33012
14984
22243
37965
10610
13174
37359
33931
38719
30301
25060
20123
28229
30383
39198
22363
26657
11677
16192
28885
12496
12306
19854
31580
10973
38557
22787
23115
17680
13182
21751
33747
11923
28855
30804
32399
13965
25532
12081
31351
20357
36074
34267
16225
38567
37450
21188
31076
13501
10902
10337
13689
17225
17981
12477
21640
28200
27307
20524
17916
16150
33208
18713
11276
22178
21390
26165
36301
31127
23231
13670
11147
10828
30127
39789
16080
19776
27771
28432
39793
31016
37307
35823
13456
17938
21558
11418
11732
33869
32175
32809
26282
18310
21832
26441
35959
16920
26842
24106
39314
14680
28366
20192
24882
38594
36444
30585
19114
17362
32798
35060
24819
29736
38427
10474
17673
27061
16800
32880
36095
17186
35750
35699
31570
26856
24674
26246
26805
36053
12573
34807
22435
32856
35952
26924
12031
33745
21695
13141
38519
13351
25491
30463
34981
20827
19960
19717
16505
32310
38310
24808
29023
28323
22715
13193
10521
28110
32222
21138
11399
35011
39250
14301
26701
32506
35939
26525
29722
24806
22902
32035
32098
28424
21437
27742
32883
17322
36162
36270
17497
38501
22927
36440
19017
20331
12842
28247
20877
11101
35996
36015
13390
25688
17404
11534
22845
39086
38479
20695
27247
27268
12746
26593
11794
22139
13599
26361
12775
38457
17707
31382
38432
28935
38038
37289
23169
34335
18274
12915
15575
20829
13100
20151
34466
23612
22590
39619
34720
18628
22559
37384
13508
35099
32897
38967
22570
39633
34580
15256
27143
27303
38230
29828
13177
38668
34466
33458
19519
16949
20327
27148
10461
32507
33864
16437
19878
15971
21789
13743
33480
27884
26943
34404
19271
12059
14985
22327
39970
34408
10492
18146
38810
30862
24307
21248
38848
31745
11511
34398
14494
36681
22039
32190
11883
14471
25948
36478
26849
29481
15059
21893
12007
17664
39213
30818
38034
23031
20162
25829
32123
26115
34299
20119
14269
20881
23493
28667
14441
27960
29276
13465
34976
33297
37323
21095
27706
11981
22141
39330
21554
15723
32244
29724
30890
17516
37595
39051
35922
15270
23951
33726
37424
39819
22899
22504
12748
34836
10278
30976
38129
30238
17691
34607
29637
22699
28678
28242
27367
33641
10560
13545
21431
34556
37435
17568
11671
25393
23921
14463
30539
29693
23173
17969
14299
15416
32398
24299
21738
22080
25544
14552
20069
10213
33724
15705
26539
22090
27454
15129
27428
19273
28377
30919
21981
34898
20441
15476
39740
19180
29472
35179
33270
20845
34096
17148
32100
27528
24869
17115
30373
33657
20235
17126
21999
14658
16290
26306
22301
20562
27967
33970
28443
17575
30411
28626
11606
18248
18100
31859
15520
21753
15890
39432
37443
25672
27090
17170
25917
39809
18256
10911
33009
27894
15091
22261
35902
20087
16182
13233
37799
33770
39024
33532
27631
19628
25902
14168
11817
25260
13426
27517
36877
27442
39245
24264
34158
30761
24475
13087
27865
12106
21284
33820
37080
30806
31944
38887
16203
21204
39920
13964
36082
35540
27074
22169
12148
21611
25835
32998
25296
33526
28695
39905
13226
39348
19187
17837
32452
20895
12185
16860
15153
24371
16370
13634
39341
39222
14392
13854
18902
29319
39351
31284
38007
24179
15585
35602
32645
29197
15595
18677
23555
22217
17965
23078
20632
33615
11284
14178
16718
23794
28559
22119
37373
14793
16585
19019
33846
34031
37647
25689
22555
18903
22760
23829
36912
36018
37089
31085
24607
27274
22503
31174
37253
19811
18804
38837
19954
31651
14511
15854
12336
15266
34565
23107
36542
36690
30537
17462
35769
32507
25392
19324
29535
27047
27662
23626
18608
35130
13618
15799
23207
28999
11025
17135
11669
10029
13696
12169
14081
18312
20834
21090
24252
16272
13671
33518
24148
10437
37342
14332
29306
35469
24593
37673
12542
17364
13364
35125
35284
18565
16084
34038
37618
30203
22206
18595
31000
28274
18410
14809
16948
14321
18658
24697
35465
11233
18012
13018
30800
36148
32888
25811
18720
37342
16574
22221
18920
35846
31632
20639
32306
30272
21453
12365
15799
21585
22876
27875
26456
39688
13575
20389
16882
38267
29723
28923
34980
12602
19734
16977
25035
35076
27674
16306
34012
12346
13174
37660
24648
33632
33927
33377
36332
27269
36903
37397
18893
12876
24093
16613
34486
22785
23464
13661
31369
12062
39239
21363
29693
14784
26987
31402
36631
20533
12034
29803
17714
15636
11875
12558
14418
19017
23641
33603
27588
27369
20605
35963
18088
18850
29877
20115
34551
30489
21132
31449
15627
17071
21894
33215
12288
20575
24581
33921
28602
34010
29990
11128
34627
12381
19897
16429
35536
20606
16910
17393
29409
36020
36854
36630
16960
30956
18492
13894
11085
12650
29436
15872
31961
10369
39589
24708
25064
12845
26416
24414
17913
10433
11283
31714
28371
17780
34134
32096
20763
19435
18561
28021
33651
18652
21757
30082
23536
33867
34689
22873
14467
16063
25770
26008
39035
20563
12097
26977
12842
33780
30389
39451
13453
32834
34559
25089
26832
16664
29720
38697
22714
12394
28741
12536
26055
31478
15237
13124
22635
37173
24991
12716
31473
38220
34129
39045
21343
16151
32483
15385
14510
32220
25646
20912
31442
24923
18340
11349
37837
24195
31326
25874
31568
10724
38864
17557
12252
33914
22952
14789
30881
37616
19722
15864
16142
20897
40000
37867
28677
24510
37970
30010
32851
34480
25888
14454
36947
20225
15059
31207
27837
28032
36292
31580
21258
12254
32286
22093
17124
30575
17118
28179
34054
35077
13758
24003
31626
32601
18820
17092
36148
37885
34753
22467
32460
34109
20498
19774
25597
27996
29088
19294
15780
31184
34837
36899
17295
37453
18372
11670
17476
28324
37151
36869
16707
31755
32917
33301
17430
23365
17969
27100
31704
15893
24745
31111
11286
16155
26194
27690
32036
27554
38421
33090
35183
19366
27349
19267
21023
31259
21629
31522
32057
30047
13136
31577
32883
10429
26839
23604
27857
39350
23775
16436
14284
18993
26141
35831
19176
29906
24760
19826
22438
32941
23804
31287
25316
36036
31949
39848
15675
34034
14077
21360
24978
39674
30289
33268
13095
15045
38920
10932
15445
31548
31416
31397
22624
38292
29931
20008
39440
14157
15766
27720
17174
28255
14279
11653
35340
13019
25658
14883
16420
22493
13076
14162
19104
35623
14716
25100
33546
29389
23028
38884
36906
17735
12250
14673
10428
25898
14046
39182
20604
33591
32157
10374
29772
33074
37489
18881
21742
11700
16972
25682
36999
35355
28076
26109
20440
14888
27154
34753
30696
31996
36015
15008
37742
20943
13229
17988
39109
12560
16120
35484
16028
35194
18411
32138
24283
30225
37578
30562
29152
23298
27910
34501
24148
20684
18276
33678
13973
30920
18695
17953
26080
17015
32964
11990
29642
32127
32790
17093
14097
30913
10909
39028
14534
30319
15514
12369
26635
24500
21301
17997
34563
30861
37225
33309
35420
28883
18186
24001
22289
39857
35419
21240
19544
12468
38969
34576
17321
11866
29273
22187
20508
33468
28875
24563
11373
35003
15876
37708
27009
28923
29395
24378
38903
22698
23473
10093
25668
17088
36594
11546
32599
35824
18510
38471
12504
38755
31583
14352
21305
21252
33726
13017
25968
33058
17763
20958
18146
20235
33394
21556
22827
12550
26187
35602
16662
26296
24413
33992
10093
39313
31686
33679
29245
21585
11198
39910
13650
33691
34557
23033
10215
28932
23521
16302
29709
18165
32984
30859
37082
24682
16062
11872
32668
25084
30941
18741
14766
21308
25190
18510
19262
37063
34553
34564
27583
37853
22931
30942
29871
15504
30680
10531
19776
30761
23643
33396
28755
12477
39561
39368
17587
39505
37354
26516
20153
19542
30685
12021
10196
25029
16511
35361
34156
28112
15641
25149
14543
34597
13331
21721
34691
30066
19129
27280
38238
26447
22921
23461
23764
13441
39230
22949
33708
34193
28521
20522
10284
18325
25941
21007
32288
10916
16111
36761
24814
12638
18960
30265
27906
19414
31219
10685
15558
16139
34912
36207
10439
38362
23650
38928
20923
10874
27977
26252
28224
18149
13057
21687
39202
26509
35197
12528
27455
14426
31806
21437
23174
26810
37137
28497
20557
20157
37428
18497
18536
18819
25273
18218
17784
15281
30306
31638
19118
17510
18124
23296
21125
34840
27245
26418
39523
27280
12855
28653
29902
35023
26650
30446
36648
38223
22591
15353
29367
32841
17376
29323
27690
28131
33120
15427
18672
19710
12317
39122
18982
11016
31793
10630
37588
26764
32029
36331
31019
12184
34890
11714
24478
15324
20235
38060
22715
35145
18993
15925
27139
39642
25683
24958
25982
31516
14081
17479
19663
38450
15717
32111
35227
23005
33226
29484
34114
29864
37143
15240
10038
31614
33986
27853
23520
37017
33024
14903
22323
22469
23473
30523
36016
11856
14971
38897
33440
10524
24697
26651
26036
31206
28155
28894
27504
19745
38982
34962
39755
11242
29609
27753
12327
14216
17594
15277
14019
23146
34763
25941
39327
20254
14459
37305
26913
27141
25449
20865
20932
32386
32471
27008
11006
17617
22475
15780
20991
11377
37600
37475
23128
10722
11969
36336
20011
27394
29046
14589
18626
34114
28121
38937
37612
38626
21095
12770
10055
16045
16282
18148
32387
25211
16735
31276
10117
37932
12660
15177
28385
27478
23032
15426
10424
26143
24164
12884
21895
19329
39506
25993
20078
39839
21787
16305
27928
34786
28231
37300
32440
39680
14687
27996
10923
21467
30915
29886
18979
27149
25602
12939
37481
35137
10761
29387
19954
35122
34530
13233
16744
17127
16669
29574
12811
31129
25702
30393
37823
19089
32732
15669
34244
39328
24743
34298
37099
30892
11298
28430
32944
28086
14179
26153
11367
19618
12250
21375
17981
27400
24024
39589
16538
26434
32109
32319
20067
36222
15912
31240
37613
30829
26342
38444
24328
10281
29335
10879
13314
11500
32814
38546
39896
37535
32806
13198
16493
19224
27879
11453
23909
39948
16782
38996
30970
26410
14200
21321
15403
34751
11708
36192
13918
14398
37448
21232
31704
14115
10176
26057
13355
12387
23209
30043
27621
28264
38096
17327
24659
10689
38856
28912
16388
17915
19481
15224
39926
27599
19965
29080
39456
28540
35353
19943
34979
35529
11179
33172
31900
10276
35086
21471
22077
20218
13518
12455
27207
15928
32377
24545
22739
39874
16782
21344
36138
30937
31692
13313
19221
39774
12184
20903
39353
10937
35417
35174
35618
20412
16664
24396
19869
15025
18199
24328
37960
21448
15085
36196
35188
31800
25274
30684
24114
11462
17952
27139
17170
15254
35887
23895
33279
23251
15643
22127
31219
11200
17696
31564
18136
37713
14915
28362
37533
34775
22909
23446
25337
14105
36733
32827
36666
34233
38348
34261
37891
33439
39549
33786
37719
37284
31734
39372
24942
13882
17709
33836
28945
39513
27405
23833
14285
38600
13080
21764
38201
16981
11514
18946
25407
13181
22780
37707
31801
34954
34701
19750
17037
39227
11035
16062
30547
36946
28867
14804
10798
23578
11040
34652
26828
28601
16497
12814
31586
14294
18923
16773
23319
35409
22521
33343
17273
24524
34039
30102
15081
38233
37500
38068
19403
38657
34077
21102
39023
16931
13878
12468
12129
35648
16490
11915
20681
18629
18791
23337
20314
21225
22956
32094
15022
19169
34050
20421
25390
19688
39322
12225
27403
26948
17401
37817
27358
15618
39246
24198
31743
32219
29541
13387
31390
20706
30853
34673
23348
15641
13118
28108
20191
32378
30913
19177
20497
16039
19236
21092
37225
38610
19910
15970
16687
35043
24895
13887
16390
33443
19514
24985
18282
23346
38396
29633
18502
33517
11596
23398
39121
18420
18919
38011
38171
18783
32317
28031
24814
31548
24751
34382
13305
39377
29181
20201
28807
19748
12699
17697
32882
32083
32859
25917
32659
11966
17027
29748
10726
13988
34859
17037
34867
13872
33302
18158
23726
10418
29017
26418
26833
38556
25195
35470
33642
35699
15283
33447
32234
33362
20122
15872
15237
10516
21392
22114
13258
16893
22751
21394
21047
17587
37884
14203
25568
27282
38701
29810
30979
11294
15833
21420
16484
26163
27224
23109
26518
35738
31741
16355
10198
33073
19210
21092
32684
11367
35209
25389
34654
15332
39445
12257
38165
18667
21170
16106
10055
29349
20689
38758
27275
10024
24014
27788
30054
31193
31901
33953
29390
20767
17916
14756
26371
15378
37018
24672
13984
30609
39567
27428
24859
14906
34684
23326
13902
24506
19730
23599
36563
25989
32264
18926
30099
17901
35476
36994
26685
39502
10529
38470
22186
18983
32656
26434
26999
15694
27454
36927
13954
28613
31633
30965
14066
30260
35897
32128
33972
11108
21632
38957
35415
32667
23758
31330
34915
17979
31531
27711
23755
36112
10167
32913
15379
35117
25089
31780
31813
13706
28403
11525
31521
13301
29403
14295
10491
21016
38408
26051
10686
27059
36695
10354
20888
13974
21631
28137
16371
23589
26008
13089
17063
20651
24909
11084
19512
19776
29634
12780
12295
10437
34996
12910
19639
34436
26192
35822
37151
32711
32133
13474
29909
36480
17643
26312
29456
10511
30292
10897
33087
39693
15307
20007
25082
34559
36673
36748
19093
10456
25615
13058
34115
29828
33955
22924
18068
11640
29737
36622
28801
17469
19346
30459
18974
33976
14514
39177
14220
10147
33841
14274
22776
11620
24462
34687
14436
30229
17796
23806
17401
14776
18375
34505
16410
28163
29051
23415
19130
23731
22928
27447
11018
37141
30519
15081
19199
21022
28416
34387
30215
21705
39849
10733
37530
25590
27015
32788
19556
15084
39757
19162
27355
16611
27111
37410
21260
19955
31584
36226
18295
21081
25697
31674
20593
22846
12392
25933
35090
36641
29254
30256
37112
27798
36346
10589
38382
35303
32210
14327
33989
23974
39529
34166
11683
25802
25454
16256
24507
25023
26566
13216
29754
23499
35486
26837
34501
16711
16452
16109
36220
19621
38903
17610
33277
39933
24224
21897
26694
36689
14472
33983
26936
30102
30572
16221
19431
13067
23797
26065
17083
30132
25449
16829
11251
27891
10128
13446
38424
38038
34368
17914
34882
15487
11774
13895
36627
15597
36139
33576
10241
14291
38583
37039
36881
33375
18134
16224
16379
39576
28124
21546
18148
34575
14255
26326
34385
30432
35553
38430
24698
35905
24038
26328
17637
25301
30164
35979
20557
14147
26700
21953
24491
12117
26727
36269
15113
36714
11976
27341
36588
37164
24722
29339
24421
23507
32384
31846
25334
22516
21235
24846
12780
28520
35911
12113
18762
26552
31095
26878
36588
32102
14448
11548
25418
15238
15138
11764
13599
30748
22317
10099
35788
24894
29214
21463
20516
34426
14467
39287
20297
25120
14168
12928
28790
21690
39222
16041
10934
19265
26853
34829
38469
35148
32379
33078
28415
34839
34263
36621
29311
34303
10408
24605
11815
37618
19236
12481
19765
11588
26239
14054
18100
10004
29781
18791
29326
15046
12376
16665
31292
10761
12361
36938
27206
10743
36200
21154
10171
17853
34013
24636
29280
21030
19137
36329
34319
13439
27198
37499
21642
11104
33407
22815
16525
13217
17535
24336
28835
35482
23132
39372
16752
34521
36051
13280
10903
25436
37615
15502
36433
15362
15060
26300
35085
22703
35116
37491
12481
36005
19251
34706
32623
19253
28022
37527
29120
33752
35314
36241
18895
25076
39634
33448
26668
14284
21474
23783
14641
16387
35988
25792
12493
38968
35172
30725
36458
10334
38267
32503
39177
19960
37562
38409
36058
39436
13698
37294
25172
16905
18178
26770
32390
39687
38511
19831
20005
38249
26541
35840
11878
36565
33823
14488
38900
21742
27200
16178
37445
24553
27730
20064
14653
36465
23009
23399
32708
39391
18778
35818
10767
12397
18075
39604
38503
39115
27378
12802
39394
24390
17995
35447
16850
36808
33625
13817
24567
28460
26987
16652
18143
20762
26794
23606
19152
25259
19275
32541
35098
13997
26445
20921
29695
31081
22124
13387
30866
18914
21335
23758
11574
24197
32235
22046
16974
33291
25739
27535
36514
18901
15631
19786
29151
37645
37371
21015
12860
38223
31798
30183
17661
35091
13292
13680
23351
32701
38988
15002
15877
10807
21919
31776
15028
12466
18080
20815
32271
31775
25825
12893
35453
21813
37075
33061
24068
29333
37398
25372
25480
16855
21894
20964
18441
24761
32634
34494
20360
14585
38390
15927
33103
23683
36978
37823
27659
12512
22514
10578
32443
36142
34882
23269
14206
34260
19179
24840
30284
15650
24749
11576
16114
38643
19204
22811
12061
12923
16224
21768
39603
12149
28054
23881
11776
32831
11458
25690
27011
26685
35115
13773
27900
27935
14318
27826
33881
22036
25418
11468
16408
29835
26262
23524
35417
25045
27600
35874
31830
23375
35551
20619
25090
34375
30042
33260
26382
12590
23676
37073
37475
32135
21090
30575
22900
21849
22204
14246
20824
24047
27743
14075
10349
30168
20049
30248
24379
17326
35288
32745
29049
26267
38277
20515
13261
37694
33287
27031
37044
27771
35534
24208
39990
15496
22356
19408
12354
18005
10397
22715
18070
21689
11839
25998
23622
32209
26506
34756
17531
25125
33772
36723
13631
14237
28911
28446
34651
17985
33678
19258
16198
34699
36717
37350
33680
30871
27725
21558
33193
24076
28776
34619
39331
39733
15716
32752
22629
14114
38740
10668
30165
15593
36839
33753
32553
16365
26004
39824
30972
20767
18171
23627
37155
16256
14878
18487
38399
27088
25238
29331
20421
27932
29923
37163
36253
24996
17403
24898
19853
37435
19157
22749
14922
27990
19120
35221
39840
14391
36086
24577
10337
20541
28128
37677
28509
29008
26975
29504
29099
23400
11486
13138
14412
21866
10199
14345
29851
15777
29110
24902
13572
38430
31096
33875
29700
10699
28602
20546
27706
19039
29027
25911
27745
22836
15125
38884
27653
19649
14556
11725
31771
12302
29957
20209
21091
24800
39622
37930
16215
16654
28002
30469
23195
24462
25801
15046
32207
31015
30678
17155
33608
14677
11934
22188
30537
36559
33887
27929
14690
29556
13835
16863
13939
39424
32685
21376
16675
27147
19876
12796
28937
34394
33047
37593
11485
18651
16484
21292
31855
28778
21575
20053
31141
10972
26033
37813
31753
10505
15176
19741
27282
37382
13083
23717
17827
30472
23329
32570
10540
32861
39452
34580
36710
10536
22473
25158
23513
29050
11967
39040
12201
32553
34724
25945
33491
28751
39952
16163
26790
22106
37906
27215
17836
28986
32599
25225
19612
10623
33017
39602
32182
25720
33128
27480
26926
25596
15801
39400
21572
22908
39229
30992
21426
22288
32603
32242
16257
31398
37650
34047
39121
36467
16820
15111
32254
28073
26743
31589
21411
28286
14566
19366
38255
13837
32482
20157
34871
39832
22069
21916
34707
23226
29075
30384
37744
31912
27892
19470
20915
38333
37658
16852
15710
35102
23255
25031
22814
35472
27870
28166
39053
26771
13130
31088
17114
39541
22128
12227
32596
10554
37655
18829
32625
24654
26004
23970
15878
35422
25576
31470
19080
17841
17810
34803
19708
35222
38509
18347
39419
23713
13418
22477
10576
33837
23538
38050
27539
22773
15783
13926
36364
27401
25145
26358
11199
38167
16137
29552
12635
36266
13082
22324
24185
25547
37262
13525
16394
23530
30200
31490
27678
21734
23643
12586
19119
14478
25246
24132
15137
31871
25337
14108
21528
30203
34046
35106
13418
32729
13568
35024
10259
15955
29582
24580
28811
30055
23343
33303
23776
31677
17756
10857
25102
27182
18670
36709
39688
12204
24604
22195
35632
20425
28640
16101
17632
18985
32266
37641
37070
32858
32104
20148
22038
16195
12328
32482
28661
11455
27540
11825
10898
14125
39664
14772
21524
32984
31976
26643
31051
18334
14444
11506
39746
21833
27259
25749
30457
17697
10092
31101
11563
36713
14221
39211
34683
36874
11929
18141
13801
16497
22725
35966
39737
16346
35383
37088
25420
37293
25993
16613
33850
19068
26446
27980
17114
34168
14318
36268
30271
25542
18097
17554
37902
35371
31100
34278
38764
20346
29320
23361
17629
27058
28798
27553
35068
30993
16700
29909
16567
32481
14376
35526
39614
28122
28115
18156
27311
18388
10762
12657
16990
18302
15980
35851
39978
25539
15828
19199
32921
14244
37703
16235
24855
12667
31757
39838
15551
21013
19700
36514
23646
27552
24263
31035
23516
11725
23662
37971
20432
39185
10861
15553
28493
14728
30730
38804
15040
11882
35560
30837
29697
35988
30865
14435
14455
16634
32336
24797
30523
39425
27692
39351
30862
35561
29846
26141
16530
37842
23256
14051
36458
17588
25266
30934
33471
10064
12807
11800
32064
11228
36210
18767
15419
11087
16880
30001
15684
15616
29938
25393
36231
39222
32241
25103
16728
33992
39738
21299
33318
22541
31605
26905
26327
16041
14141
11159
25194
39392
34191
16685
15084
36990
22127
29723
23295
15600
23915
33964
18003
12863
27669
34524
28976
26066
19780
33631
33512
31817
30936
36814
21123
38873
10916
18084
15766
39925
26216
22461
21278
34807
20474
15148
13929
28501
37279
15497
27870
32686
24348
11652
10564
20986
28879
34153
10939
32704
28902
23414
30728
13674
17913
25973
12006
38747
13694
28545
33311
27381
38591
37253
17951
15516
12031
29366
26429
31167
22948
35691
21859
39509
31703
19428
26329
20751
16501
13735
13087
15218
15531
34219
39987
33584
34247
12715
35230
20984
36128
12736
17230
35374
16004
10395
13577
13453
32465
32878
29908
27024
20015
27171
33598
29866
39933
35397
34950
34232
35869
28149
38057
36239
36516
39917
28057
38175
20069
17433
22041
23995
16058
12170
12676
35865
33200
12781
13006
13852
34104
18943
34730
14937
29039
26233
33414
21704
31593
25036
37734
23224
38424
15279
39853
34088
18089
39048
39914
18914
30927
11839
33064
24414
15886
29311
26357
33147
35605
23016
25724
15023
28980
35330
11521
25234
38827
32938
27730
32994
29928
11103
34241
25164
14513
23675
27397
12667
30568
23495
12767
28362
38107
26273
20197
23684
14015
25873
28552
32742
16544
39150
16453
16314
17128
29107
26508
13902
15863
21400
24768
27201
10622
13747
28195
31517
35518
31623
28876
21122
24058
25590
13027
20011
27332
16378
11189
19709
20903
19801
12895
33936
12655
35454
30899
10203
21866
16739
25325
34920
36396
17233
14882
18478
28577
28690
34254
32588
29616
38006
30283
22243
28463
28470
18176
34990
29275
12277
21037
35785
32640
33530
17311
30797
15442
26766
32175
25452
28015
10750
18163
34958
15071
39582
34007
27641
14277
33373
33919
39441
14053
33274
32809
31168
34996
39886
16092
28165
31135
27536
24334
21845
19760
18299
39349
30502
12232
29756
28577
35703
35179
22809
21931
36383
13429
32697
26685
14034
29070
32287
28710
37110
24459
10318
13609
29022
21930
30100
39280
14187
21669
18472
33829
19532
15367
10589
13799
26717
13178
37954
27411
11782
12852
25499
32513
11189
15675
14198
18198
28457
16415
11741
23627
10219
17524
13384
33279
16461
32234
19940
36339
25752
12672
21857
12049
11562
29247
15467
31048
26499
26491
24793
38598
15695
24968
13683
31775
26333
38056
22043
24494
28308
28438
17252
32856
19844
31316
26447
13753
12400
17892
22619
28372
39566
31108
31707
16510
18070
36664
34695
30126
37259
18318
34430
37158
33206
35630
13734
24276
39105
32638
17735
35306
17587
37426
38605
32691
21684
31859
29230
28330
33907
16898
38729
10889
24439
14620
32599
33944
10092
29367
23673
39279
36333
30599
15421
27259
32616
10625
27826
39850
17980
35146
20126
12452
12539
32493
13589
31447
38046
39143
30592
16365
19539
19485
35851
10136
27814
35551
36742
11145
23842
29972
11718
36121
38275
21319
20276
22868
20028
13614
13874
39804
16593
12796
27851
26799
23822
28396
18064
35138
22982
23621
16169
34269
39998
11226
22815
18839
14785
21836
20158
11519
22980
36924
16122
10379
17592
13023
12722
39814
36679
13623
15126
28340
25808
12833
39230
13637
29393
15902
18649
20088
22207
12648
18214
38402
32627
22249
36831
35774
11295
28777
33722
27964
26292
34598
13230
28489
30571
22245
17891
12429
26840
23845
33379
33805
15643
21622
35077
27790
30661
11503
14055
19442
16472
35348
17460
29182
30820
23297
15011
14483
25957
36851
27345
19580
11697
24750
15791
26346
37623
29297
34482
13931
39206
13599
12182
28545
38836
28458
37797
26705
35018
38789
39398
15406
24357
37822
36128
13519
23000
22932
32641
20993
36958
33248
29802
18740
26329
16238
24688
24081
32822
33461
36588
32323
10629
15340
34257
14562
17445
31131
32486
19926
18703
39646
39898
13872
35909
11167
33569
16079
33423
33559
11009
31483
17659
14745
30864
39216
26036
32365
24159
31487
22917
39357
31295
17925
25769
17501
26934
29818
35107
35918
28646
23806
10136
17718
28034
23021
15214
25794
11446
29366
15832
35544
25486
27885
30462
11890
14021
10040
23663
15183
13373
11348
14197
20229
12899
28378
36865
24524
29660
36732
35789
11778
13322
11814
23442
17326
36500
19128
33748
32493
16487
20739
20871
10974
20556
39951
36004
37262
30484
29967
31068
36429
15946
33035
35255
38019
30773
19468
20245
13985
17551
20991
27445
29943
19511
19835
20873
25323
31801
21713
18804
30875
26510
30318
15309
15336
18590
13852
38573
10249
15751
25747
20160
22875
35178
31647
21795
32172
26583
30653
11226
37782
21302
16453
34556
34807
19033
16889
20698
38815
39963
18514
18213
33422
17553
28428
37454
17311
20287
31378
35730
16040
18371
17294
27226
18839
16846
22059
20164
35478
33530
35091
26758
10315
28706
19210
10274
26026
26801
16669
28984
25454
27195
27138
15820
20898
28381
17568
33645
27903
35506
31453
16672
15010
29833
34190
23535
15758
34879
34844
39639
20292
13644
32349
27837
13643
16346
24045
15801
12814
19102
23172
12844
19161
13870
32652
24831
32896
33686
14139
31511
15629
27599
21078
28390
16469
38766
20976
26388
17373
22070
19470
17361
12268
12099
24907
36880
26645
34401
23467
28201
18446
38054
16662
35748
27835
34345
39381
30155
26022
38694
28051
16087
38473
19092
38130
25978
33492
20705
33579
35728
17840
36207
29850
19649
23641
18209
25560
36136
12462
25949
31268
21881
33681
22903
20455
26411
24852
22488
26594
31260
21054
20764
23174
31567
22516
18970
32995
33361
39280
38079
11650
37754
16493
32655
28114
13372
17495
14267
18425
17213
39956
25335
14688
17545
37642
33472
31437
34713
16611
38224
33060
25682
30451
11894
23302
25773
31737
12598
14245
36359
12683
10317
21980
11941
34657
22653
35565
31821
28654
15083
31988
28139
20055
19469
18001
29577
14400
10775
35893
19599
25266
24971
37934
24286
23102
19765
17700
23450
37283
33628
20386
15731
30143
21048
32756
26875
34213
33817
13747
39066
34818
33788
36359
28133
20065
14753
37792
39478
38677
34015
13813
32890
10606
19519
27429
16631
18565
35308
26042
25393
28442
14432
39686
10257
25557
21288
35125
37067
20731
17852
24849
27562
26639
26122
12343
31333
36763
17905
31800
23914
29674
38388
20643
34994
20426
16809
25512
35479
30356
27457
12332
23551
24622
15330
27818
21014
37836
25017
14966
17126
23716
20983
10282
27575
17093
12719
13271
28801
32961
23937
15537
26613
29668
10670
39160
25117
39027
32768
26139
27183
37800
21383
10651
37166
11363
19510
33918
24706
39489
14923
39301
12097
11375
37342
31190
12426
38277
37428
23649
18594
18162
30740
35585
17397
22139
38276
32962
28391
13760
28208
17624
19980
11449
24457
25347
12235
13152
29253
37394
20126
21521
38153
39773
12860
27221
19857
12016
16920
19537
27314
12269
22894
36771
17571
23619
26413
27398
22610
35262
25306
35598
33816
38649
13740
24905
22303
12388
15829
14425
36209
34179
26068
36072
13960
17362
16933
31699
20747
17593
26683
11419
38199
26645
13495
12669
16296
16130
23229
28643
18808
25942
28958
34519
22759
25917
38542
17179
25117
35362
15965
25471
10696
24725
25200
24178
19198
38077
29647
34042
29518
15602
17229
15174
32327
36811
22265
37615
36198
22382
16757
37591
11809
16891
38438
27527
22192
32101
35609
37084
19113
21729
15712
22930
13529
38454
32896
17750
14385
21338
22923
36541
35313
22947
20464
23602
35819
19927
32819
33669
14626
10456
13886
36586
37190
13546
10585
15300
33480
35713
16119
35046
37548
37921
22735
24521
16342
23557
34018
14897
11578
28042