23090
17396
31856
28292
26136
35314
12667
29843
36130
27216
33965
20094
27461
27816
12487
36850
35758
38694
12763
32227
14644
19142
11105
13808
39815
10145
20637
17074
23423
19287
32271
21002
10527
22389
38737
13117
24521
37573
38694
31249
30540
26495
15351
13816
20211
36064
20472
11693
17123
27989
22863
29172
26583
32439
32159
18464
18782
34558
23282
32257
18399
10862
34129
31255
36902
20718
37265
13761
27438
24768
22942
31489
35774
21693
12819
33205
10637
29591
27170
24245
32744
36284
12272
32304
24251
39542
26383
21455
23470
37836
15836
34614
21273
11419
11880
25147
32506
38736
29897
31959
20630
30198
21796
35091
34924
20208
29323
19194
30324
24414
30620
11630
24624
21745
12381
37407
16968
17180
16930
22417
39828
32532
16077
25890
38285
21589
14796
23206
16797
19407
30005
32138
13331
37387
32017
13071
13667
13181
14712
17945
15468
10426
29763
31318
37668
15195
21878
20218
26880
17431
10421
28562
11774
19257
30521
20857
17309
30668
20560
15354
21621
36123
29284
22415
28293
10992
14519
22802
24220
33412
39527
24525
29861
37617
31008
14952
18458
20456
25375
29010
23615
10666
34222
16846
34019
20654
10157
30242
14039
16715
29601
27227
19938
18405
30060
23792
33152
28951
20122
35537
19093
11587
31186
22384
34532
17278
17961
22673
37664
24785
28141
20890
17161
21975
31382
17951
37794
27978
29159
38572
37813
22886
14573
34426
22869
33419
35129
16242
24445
36359
22889
34838
24891
30316
35474
21151
20020
37754
34323
28568
13163
14439
26984
36378
38487
21663
27498
18058
27040
10805
39093
30575
27991
10675
35208
38301
32611
13184
30775
13787
33344
16493
26023
17036
12600
22971
15614
30915
13141
17330
26569
25687
28264
29813
36138
37002
15728
12549
23286
39812
26075
11665
39038
16314
39785
21268
33838
29994
28346
37552
38465
17441
26318
19122
35071
37060
31310
23880
38994
14618
35195
21923
20825
23652
20699
38548
39807
18574
20715
39233
11081
31153
33644
25732
18693
12872
18420
17509
19131
35037
37234
21764
38713
11770
10978
21974
21560
10709
27987
23617
17763
21664
36195
22702
32807
29313
29834
37166
31535
18423
36332
23883
14521
25064
11033
20411
26967
23464
34536
13583
16536
12707
30712
16987
28800
39054
33685
13127
15519
27014
21669
36895
24755
26349
37238
30332
19961
31646
10734
21698
33343
30767
35009
35091
29633
27450
13919
19877
13338
35860
36819
36428
23971
23584
31536
39149
15871
22186
12859
37704
24882
31812
36837
18594
29096
32732
35504
37942
30709
24379
25304
17120
32602
13477
33573
36192
24223
19185
29152
12472
15983
38262
23785
19644
21388
10113
22848
30923
25007
33038
31339
15399
10589
31444
29712
10319
36311
35663
23119
29282
27939
16309
13485
27717
25079
22108
23877
16945
20038
10204
37199
37136
38279
11080
27402
28475
30543
33863
38707
26380
12034
23430
13606
27578
30781
13889
30157
33801
29728
33086
21597
11406
25314
30843
11459
34393
19020
38065
31788
18845
33268
33087
17755
16218
17623
38489
37486
20692
14630
36699
38264
27802
26220
37056
29102
12101
21552
20759
34056
10167
39301
18598
20979
12340
21301
20601
34830
34664
33769
23092
20019
37339
18019
30943
28929
27977
15690
29892
26545
37984
34301
19828
38095
21944
22060
38177
31022
17790
26140
13654
35094
16417
28366
26635
19247
15210
28553
37140
28630
19489
10128
30451
18021
28906
35446
24705
16171
33348
27629
38368
13253
14172
39558
15515
34965
15918
30232
10971
30344
19285
14644
22001
18145
32067
21944
25834
36713
20755
17947
37652
10639
28109
39881
10046
26664
10964
25712
33498
38581
12927
37226
17466
38898
26276
36311
35949
29055
23219
15119
36734
25571
19625
35921
34635
20066
30269
20893
15816
34620
37512
25011
19085
39973
16516
27034
13098
19418
39622
35372
29015
15641
23374
27667
30035
22410
36353
39598
34491
32269
25775
24314
22207
11341
26642
14595
33892
38120
14370
39592
30104
23116
14430
27864
26138
25827
37596
12588
29840
34667
24905
16963
21698
27350
36143
28999
18961
39946
11054
32625
26598
23778
10718
36674
15950
14794
35987
15650
19329
33281
16612
24109
10071
16405
32022
14945
18442
11607
13962
35596
35018
20163
26488
13677
29324
22552
24639
12708
28041
25347
24803
25687
32454
39916
31168
16776
24271
32819
12926
35966
28231
25123
16989
39190
33308
24697
28261
13001
14392
25757
37189
16378
16451
20682
14839
18861
37590
26604
17822
12874
26064
11238
13689
11939
23743
18564
23356
13592
30356
36154
11177
25944
16657
28848
10263
10309
38193
25838
39080
33813
21549
11974
18020
22505
28345
15383
35671
34210
30052
17434
27223
39475
13411
24479
12270
32059
28851
36553
31875
36774
25106
32741
22215
23767
34697
10533
28071
31894
35758
27954
11525
30132
12115
24087
20748
22519
25400
22410
17047
20963
31879
35276
22787
14687
15714
16742
29932
17129
23988
10904
39191
34504
30421
25748
33123
21163
31710
27092
12289
38978
21438
23919
37613
39872
29261
13637
20382
33635
38737
16528
27380
31076
36102
10921
14854
28454
19751
25090
19944
27785
34081
39909
39640
13491
33591
16543
25507
25075
31400
16655
14327
36616
37107
15796
29976
38368
35039
21364
20832
14439
38715
20416
18980
37510
23551
12054
37846
17359
13715
28707
18920
17764
38213
18088
39077
32999
22736
29709
34564
12977
37967
31648
38231
13850
14639
36557
36375
38899
19942
19421
11094
26641
17056
18109
29125
34273
23696
11053
23271
32866
37000
35417
38804
39438
23963
15592
30144
39632
13913
32626
27760
26930
33701
35262
30789
36119
10352
10503
19946
12062
32457
38930
37079
15913
15728
19204
26459
39963
36934
11599
36609
28117
38904
38903
14335
14701
16179
14917
32673
30501
12716
28591
36954
33512
22852
35594
37161
37066
20656
29096
13819
17386
14671
10497
25310
25899
10477
18898
12673
27482
34464
38404
11951
16488
19028
35113
37153
33654
28666
29314
33262
30202
36964
12488
10764
12415
18985
10531
35588
26532
14073
14188
18486
36775
20607
19572
22747
16740
28100
13595
28881
16912
36727
29394
18158
38001
26836
24097
19450
24414
27806
12620
17115
27108
14125
21930
10056
38482
27641
18969
18480
39985
37057
33711
38968
18625
22410
15427
29334
14570
25383
36914
35076
36152
23688
14289
10319
17093
18662
22537
10604
35759
19782
14653
34835
27776
23602
36979
11909
21109
34448
28911
38718
25573
20250
12620
21504
20887
18543
29513
18009
35958
33943
38920
12607
10979
22854
21772
16764
16298
37355
25654
33471
25550
12076
18606
28399
34207
10804
35084
20151
36686
28080
32391
37084
10014
32792
23517
14559
22734
11741
39426
33438
31037
20868
13555
15097
17305
25874
33220
37635
29711
12299
18586
32193
12027
23649
37358
20656
32133
16851
20200
29106
27205
18106
19398
22964
19140
28737
10690
24677
21324
17821
30815
37448
17365
35100
21006
27104
13586
18651
16808
10140
24394
32443
16444
18224
27629
18206
14668
31222
31759
31150
17436
36527
11916
28752
11081
16269
38261
29012
18533
39308
16632
10306
29426
22042
33671
12554
21635
21398
36675
29315
13883
36789
30245
12797
20889
10276
36537
20553
26808
14257
22115
22914
15781
29811
28489
11517
38646
37251
12422
38372
17879
16849
23566
24603
34384
27603
28812
10631
25471
20480
10469
20596
24285
32686
26110
14215
23863
35963
24811
31253
24537
13190
16354
20134
20530
23495
29437
35863
17462
20119
38122
39935
32841
17699
15265
34361
24663
22703
17995
28763
15849
36913
14298
19595
19365
31409
35165
15240
12170
12687
23734
28136
16360
18198
33467
39457
26139
10195
19096
10003
15203
31036
14803
37334
11048
13350
33834
24532
31367
30435
24111
19779
16729
14065
26205
29137
23949
14908
39701
10783
27510
39046
23130
11843
38168
16229
21301
37000
33270
27873
15749
37912
18142
19836
32135
21267
38730
13156
11663
27447
38202
13902
10686
17728
38231
10704
31737
36303
17603
16939
39141
13281
28005
32960
32601
25722
38571
14057
39775
16805
11059
27140
10949
14129
38287
11603
17239
23862
29369
38332
34602
34746
12121
38250
15530
16689
11240
27124
33735
22831
22655
15671
10730
22244
22969
18089
11009
20656
22862
20554
39120
12936
12727
20742
36481
14997
21816
10856
27021
36517
31087
35585
10806
38830
34126
36263
33433
19862
31679
29567
28706
25835
16721
15322
27216
28228
18751
30182
38554
35668
16177
15403
31827
12920
22171
11743
13285
13740
32039
24782
21483
24737
14046
16892
18513
19981
37210
22457
34446
34302
36867
18696
36044
27430
14496
21597
16360
29206
36725
35247
25473
30459
27133
23295
35258
29688
19562
11015
15210
29502
23138
19077
35574
13315
17249
11573
30569
37422
27172
10648
27139
34179
17892
34320
11370
15475
17612
26676
21244
36149
11960
24981
20238
11463
10294
19439
16006
31351
16302
13031
16656
14539
30442
17492
25729
31488
23320
27651
35567
27148
32350
16692
39628
15544
35524
12820
31267
11282
33753
32795
25316
23398
14317
20578
25255
21134
13012
36759
11222
10816
17665
34344
33715
17919
10755
25672
17058
14038
17691
10669
21347
22944
26589
15818
17709
32362
25988
39633
18595
31487
15756
39941
18369
37986
33334
11354
13514
13554
16555
32629
26750
12574
21984
18996
22005
19544
29911
36621
29247
11098
39270
16579
12210
10892
29552
12629
33742
16992
28362
10923
36678
28716
25165
39854
35624
17377
33869
23407
34052
16091
29909
11070
11189
34893
20098
20556
38178
26071
19171
21961
16105
23625
36304
10146
31618
15498
12370
32125
12181
25618
29944
19901
33193
13606
18413
23401
24488
16153
30839
23524
36153
36144
25712
18501
24195
18841
22120
16263
27207
35755
30276
24134
35308
36333
18372
18039
29189
35967
28205
17987
21768
15737
29570
14100
32152
15231
35435
13793
24803
28023
38880
19631
11554
26931
32098
12258
39247
28911
21902
23572
24097
28441
22487
14401
24443
37072
39444
33773
30753
11094
12640
26756
15060
32343
33212
10667
16576
26210
35070
24174
13923
28430
11096
11078
35159
14867
18979
22942
18610
12026
24194
13262
10267
35835
10350
15578
10151
13072
11485
24929
12087
26671
15359
22466
37116
25595
33860
10544
25067
22854
28211
12039
33942
23896
20619
14109
18616
34878
26090
34176
23120
35015
20246
15676
16902
17728
16067
37108
30652
39852
35395
14214
31187
23891
32803
14358
17781
13341
19138
29233
18858
38080
34712
30355
36428
12766
38122
22283
29485
29865
26563
26678
13262
38009
33917
23468
33505
17029
19382
18151
37325
30208
13547
35164
36930
15867
18612
37099
16786
34574
30696
36518
29628
26149
15832
36674
17827
26114
31047
12069
35855
31197
30847
10670
39651
26529
10251
22989
34186
34416
15926
35877
29854
29439
34677
19184
21803
21895
24735
24184
29512
35243
10412
37768
14309
11550
14380
17653
30002
11676
22125
16824
21210
13187
26249
12101
27906
26972
38496
37270
16284
10900
31834
20231
24545
27435
39139
15949
35613
18050
38767
33900
29222
15259
30835
21177
36034
31452
32606
15647
22991
28436
34755
19239
24729
36217
21421
38085
16009
21052
39876
19124
32222
30890
21048
13121
19239
33959
15650
12323
22084
35827
25472
39839
26842
10355
27987
35825
39588
16101
12952
27419
27611
39164
31254
12731
25251
34994
26611
37606
26506
19194
35535
20332
29779
33811
20855
12276
36891
16984
20744
14863
13236
30328
22164
23329
29916
39317
12709
11188
18162
39509
12628
15998
17131
12171
26180
34912
37621
22729
27757
28899
19177
24806
32618
15041
13353
30879
33237
28143
28278
36188
11250
37325
21204
35916
31725
38537
36570
27660
12359
18816
24570
21084
31168
18330
20160
39066
34698
23746
11282
21492
32827
21057
30756
36875
19708
29390
11461
34483
28945
21617
24162
14394
22716
29139
13042
12518
17409
18476
36432
38970
16016
34659
13891
34807
38569
28908
37797
28067
28061
14114
20769
16715
38735
32659
36516
32142
33520
23670
13197
14868
21211
36629
21909
15289
31863
34343
21305
38234
36153
29667
14810
31778
10538
14683
38817
22984
36893
15991
37758
37334
14972
34187
14682
35916
32801
33670
35918
11975
37572
22317
31110
19274
33434
23319
34942
11202
21348
37886
20743
33769
39825
26349
35244
14885
17982
20151
25572
10202
29529
28761
25299
29698
17166
14716
22035
28827
25736
14125
26542
14761
18802
10520
19099
17903
32339
20989
30789
28151
21378
32340
11460
22483
11513
27947
34101
10145
35718
10711
27773
10948
27770
11537
36401
36564
23548
27726
21936
30822
15657
22593
11014
36485
30824
16870
24646
33482
30254
38534
15632
38864
15816
16852
13715
23055
33585
22131
30905
28568
35975
16091
34620
31870
37127
13963
10125
33550
22399
36836
36798
35221
39254
28871
30008
35808
20957
10750
38962
31661
27951
12574
38236
32242
35159
25151
27201
10203
35174
16763
10612
29213
37944
13479
12319
14726
24699
36673
24671
33259
17402
35669
22052
19103
35908
33324
23445
18845
15164
15853
22946
28231
25497
33260
37636
11884
15338
19073
22657
25470
12234
36650
25381
16368
19351
11079
17642
19062
12065
14423
35607
36615
25309
14592
23767
34131
29449
26813
24772
12883
36148
22272
38622
10550
30548
17810
20286
14476
35624
38622
19008
22046
38638
13876
36785
38971
14412
23086
10723
23623
10016
18432
38212
26522
27979
12927
25380
31097
36337
13085
13204
33631
37439
15542
36272
15443
38697
34973
36844
11783
39491
12884
29398
23082
12882
37704
13875
39504
13518
17543
28134
31589
20835
39953
27002
32855
19351
39967
29740
25201
17909
30834
29319
23565
23310
37210
16212
37950
18791
29667
12384
36363
38968
34620
32245
12050
38339
30680
24569
14197
10661
22007
36766
20664
35148
30636
39941
15429
19376
25730
30422
24026
17672
32172
19430
25472
25313
15543
35387
37070
15907
15549
29116
36769
13417
38939
22932
21786
30317
19999
36672
39802
33560
25284
15151
16514
21190
20136
36897
24781
25002
14516
36059
21024
23676
37471
32754
19933
27392
35120
20205
26020
39281
24098
34125
10318
38678
21464
17580
12482
36417
14761
21874
34495
24108
27789
18175
30010
21156
21264
39843
37766
29011
17386
36638
12509
15377
18393
34940
39952
25370
30194
20754
37372
32348
39538
39184
23771
28469
39972
39616
28795
12044
10036
27393
17997
28558
38120
39679
35414
26339
30237
31077
16628
32154
18598
26382
10873
32386
29145
32280
30254
15428
30057
32153
34462
26338
33258
27607
26308
24936
12798
31787
12787
25695
11145
17685
37493
13755
22211
32635
19968
23846
32040
13899
15482
10491
20821
14573
29812
13771
34107
29619
10820
24494
22632
36499
23701
26691
34421
34683
29938
20671
20526
23574
39336
10574
21160
37980
10592
19089
13921
21692
22176
17616
13650
38145
12596
22630
36838
31654
32290
14403
12815
31467
38117
17950
10883
13070
24540
19846
24048
22558
30786
35045
24405
34421
22742
21129
33381
31983
39577
24642
11185
20900
33286
35518
35384
29733
29007
31791
36502
23231
34406
28676
37817
35501
30671
24508
12685
36074
11633
10581
36048
19373
18637
20167
15079
14884
19066
39677
13528
11326
38414
26979
16691
17683
33021
13979
38719
15312
14591
17682
22475
10496
24406
37704
25959
31500
33027
39833
13941
17303
39117
39820
38161
32042
20406
18343
26574
34922
28878
34002
11614
39374
17263
17861
34021
22947
36811
22250
26882
25496
35928
12753
22385
27207
15077
13347
24381
23509
10254
11153
20086
17756
20224
24607
28713
28820
14003
17465
28773
34006
33859
15197
32926
25213
35861
13411
20857
14410
25876
15221
14289
12864
39673
36454
11423
29367
14505
15828
39023
38999
18679
28714
35018
36815
23098
20014
12269
11871
15198
23562
34693
30975
27362
14423
37264
32777
11498
36105
38637
10900
31487
31481
27259
15864
39845
32062
28237
24228
29109
37093
10178
20952
24100
25603
24764
30290
17890
13074
25393
21570
37261
33132
30409
21602
26495
23345
32860
19060
32462
39005
28648
36542
12334
35169
22571
32662
15401
28673
31039
16829
38308
27478
34267
24865
24758
31563
13785
35847
20621
37272
34300
20329
24746
29546
11033
33037
31857
23108
10028
30503
12183
30273
27211
39867
38157
36163
35683
13986
21819
13954
11135
16038
20618
30834
38612
20882
11233
31905
39076
14706
26112
24745
11659
23545
39769
27241
32327
14404
33461
18689
24545
18470
23758
25530
14424
36595
20042
25538
26398
39713
13443
11742
39599
28877
37416
19147
13065
39896
37326
22853
17007
33143
12669
13349
10097
18487
33322
37377
13127
19318
18331
23404
17556
21648
35934
22736
35644
29728
28743
36078
22584
27494
22495
19160
27515
14792
21544
35808
13858
30143
19498
19302
22147
19643
31747
19828
12112
17386
16692
30026
34928
14918
30453
14133
13244
32646
20714
21391
36079
10008
34752
16100
12779
38936
15644
13278
20811
31209
39088
28874
25030
33322
20568
36686
27451
30826
24746
27701
17655
35079
13843
28737
29661
13737
24073
25883
17853
20107
21313
30524
16917
34652
11784
29379
12516
30599
25029
23279
25651
20094
29775
14396
27789
26387
12344
19038
19146
12310
23605
30663
17660
22707
17954
38472
28782
12885
32201
17770
37095
19330
13161
22081
20108
35880
27874
32436
17688
23472
17025
27000
18910
22121
35659
14015
17114
17779
32702
31073
21240
29569
27286
20310
28785
16356
28694
38261
19322
14185
30733
27020
23210
17536
20875
10667
39585
32534
15333
27511
26512
23297
14961
26264
18623
34827
14271
33044
30653
26011
30218
13878
33329
11791
30866
22077
32894
19656
31354
38601
34073
10721
26290
13469
25578
29096
14146
22900
20669
32966
12367
23280
38248
13364
10822
35615
37291
28259
15297
22846
28907
29897
15627
19140
28202
27436
14959
11449
12886
30892
11537
21587
15095
28932
14537
32569
39218
16942
26626
37998
11771
10300
28495
13270
27682
14527
12020
30315
14225
35628
37836
32656
38351
11799
12345
37052
34707
37526
16455
27544
19813
25315
24706
35615
16088
13532
33453
31842
22510
14050
27403
37865
27817
10638
28294
31839
11610
32501
39413
27136
12523
23711
13737
22049
20164
32197
13653
34033
19587
32269
28307
37554
18993
36221
29342
13988
11608
18203
25016
20199
19265
27775
20470
16378
10582
18808
25404
35560
11609
37344
28673
31864
26241
16660
13157
39110
17255
29955
10378
38219
36175
24731
28938
20035
27838
35199
29744
25837
24542
28131
29289
32579
19749
15345
23973
27204
18946
27735
22534
24566
11836
14954
22535
10774
32516
37335
25452
15147
12508
27972
13467
27796
11834
38657
28710
38008
39373
18134
27478
21339
27353
23814
25149
29077
34103
19672
24981
34441
32056
22366
14429
39720
32227
21049
24390
36217
33092
11683
23901
37362
33619
25549
16804
33587
23142
24537
38024
11518
31892
25710
25943
16939
35990
20319
32828
39893
23669
33841
14509
19277
12730
16243
22271
26572
26699
21082
15010
28145
36925
16591
16861
11802
39849
34111
38330
35421
28628
34156
27442
37401
20247
33826
22400
35593
22168
31845
34389
36111
17306
11495
11490
23556
10406
15829
13637
28457
16557
36674
26173
14116
17920
13978
14716
10207
31353
27965
28759
32664
18653
11248
35957
19145
23667
15036
32602
18848
17696
18831
37977
25565
15077
24799
36059
19586
37090
11924
36936
35522
23557
39757
22901
28010
10976
32708
28534
13812
10213
23853
14304
11287
29681
25460
25497
22516
39290
33510
31112
31932
31745
15273
18198
34518
32481
32891
11080
16502
37612
32590
35544
17146
33946
11194
15691
23001
30538
12082
26819
30043
26327
15238
15771
34031
36678
12026
23494
16822
26105
25429
28760
32587
21890
10852
25402
12334
34757
19587
13036
10400
16170
14543
22895
32073
39713
20320
37796
23910
17563
24653
13610
27452
30414
30694
25686
26917
17205
36438
36267
28019
29353
28396
32098
26811
18940
16690
21104
32438
24945
29159
33915
35020
30922
30901
36561
16496
19772
13505
27623
12220
18499
20381
30983
23829
26670
39805
21461
17529
39309
24302
11452
31801
16401
14389
10146
16513
15285
18557
23028
13611
15513
37638
29797
27895
13314
25658
24353
37814
25310
12941
21606
25375
36701
33013
21900
35659
27393
23937
17404
29216
20465
13534
24747
38607
38558
13089
39808
13301
35456
15537
15862
27664
28006
35709
38305
38174
37475
22735
21117
16092
28190
39745
12600
32769
27792
12397
34633
29187
20223
34359
23638
19107
24759
16012
25021
30023
21869
23551
10759
36158
18381
32819
19195
21899
23221
31135
21799
30029
25500
31857
13030
39604
10277
25799
16940
12333
15225
28568
16807
17782
14867
30450
26914
38847
33953
36962
17336
37549
25916
13384
37450
12468
33838
16659
17937
12987
28055
32720
20715
38090
14079
22221
33060
32217
11478
22088
15340
23567
14175
19762
25861
23615
17654
24403
16066
34294
36220
19709
19291
21212
13913
30119
30178
23521
36703
33384
29879
26218
30924
13149
27948
29612
17981
39647
14194
21299
13721
14002
36010
23001
35376
37928
14029
35904
34344
25675
16001
17731
25631
37518
11688
16318
21997
35251
19780
32963
17283
25103
38648
12664
26898
20568
20952
36278
19329
37656
29393
28506
24286
20645
39683
25977
36462
33466
27523
28609
11865
28528
38424
33302
34287
16067
29294
36457
11648
19648
20106
11696
28519
12991
34865
13033
39324
12229
39498
10364
10085
18349
28973
20956
31866
30622
34347
22335
28875
18144
27002
28424
25935
31060
16965
39167
12086
25124
17440
33103
35719
15896
11756
39315
18864
15191
24083
22972
37174
32868
29269
20565
27485
34035
26695
28010
12805
33673
12239
14002
10249
20775
14059
16185
36349
31020
30858
29396
16560
18885
28490
24549
25493
25448
22896
28143
21970
28265
16263
37077
38369
35401
21940
25834
32378
15275
11138
33731
38623
33746
23516
33595
33906
17144
31438
28734
29057
11829
32860
33550
29421
16622
28590
22555
21289
32299
24206
15493
25623
31176
17472
14782
10114
12113
30912
25529
37176
26908
39639
28061
27047
37561
22586
15402
39668
13657
22749
26356
15470
30027
20220
14908
38957
11619
23243
18497
29936
24774
22755
27554
36408
10463
21104
15683
18970
26078
12447
38251
21645
29979
23116
29775
18879
11310
33885
28686
27928
13195
36063
38581
13997
27300
36154
13804
37727
30916
13134
32249
23267
15238
22051
17936
16724
12910
39680
33210
38161
30920
38615
33190
21683
35862
18491
37103
37049
36040
16721
29565
15216
13724
15874
26054
19278
24162
21002
11686
21049
33026
36967
14269
16819
31986
10255
11944
15238
37113
32464
18309
17405
16841
16334
27029
28648
21693
31524
31589
31031
12492
25105
14956
36450
25613
22335
18250
32189
35332
36297
11947
37349
19918
13924
27947
15146
23941
16408
32033
26743
30309
28666
27035
36256
30860
30367
17483
32826
19568
18885
19155
23339
30280
22789
27313
10294
31236
21865
12650
39748
14895
17027
24626
21781
25998
29762
18028
34061
15379
15433
37108
22162
11164
17998
20723
10433
18923
16227
17062
27824
19050
35647
37676
34774
32823
10557
22663
25454
24527
33217
35762
15409
36369
39093
28182
22379
14594
11483
12169
26850
36704
19803
10141
35162
31069
30799
36024
27811
22213
38676
38716
37034
39004
25657
33841
26933
11203
14568
15422
32579
19404
23783
14972
33161
29867
30071
30670
27206
24878
38788
18616
19627
19218
12344
33799
26397
37521
21026
36466
37401
21437
23122
19755
34898
19805
31955
17429
38909
29522
26243
12391
21263
10772
26139
10102
23640
13776
36357
16125
21602
12543
32493
14529
38655
18001
21674
15097
16966
12487
16821
15838
13511
30312
22564
20334
28550
24930
38257
21859
19927
24433
11014
17136
39318
32822
28400
23448
35268
21111
11283
33590
21214
36590
24310
35032
33435
24301
16187
33258
12341
22390
12518
35242
30800
23508
27759
18313
38091
26855
35012
32221
33643
16823
34873
20020
23929
25093
35541
31888
35759
14119
24071
28514
10768
34849
31560
10125
15698
14506
38697
33510
36907
10946
39510
37322
13778
39370
16302
33939
25664
38991
31048
38135
33711
23193
24916
26930
10635
15676
27364
22187
14267
27220
35388
19986
21072
34464
37748
24108
27010
16014
17144
32500
31082
13776
33264
14080
26579
14361
22996
15313
11730
30975
21506
31668
31678
34308
11825
18505
18927
37787
16161
33979
22680
36395
25549
24274
11148
12261
31044
17211
33847
34611
10325
24995
23695
37824
33258
22590
33867
39130
15712
38446
38487
25793
16147
20766
29899
10332
22502
27554
38485
15195
32975
23267
18180
10117
30574
31641
12277
15322
31297
23728
33760
35926
19129
35942
19214
28880
14859
25844
32440
24574
20010
15777
33266
35994
12260
19147
11346
28478
35457
39754
29248
37323
37148
16978
25569
27404
11833
35163
13742
27257
13148
15618
23016
21545
10189
23899
26851
36055
27966
28422
23668
38046
23541
24005
24005
34510
16704
15911
23222
33120
24398
33823
16127
19138
32290
27999
38992
29895
21561
18524
29880
14244
29832
30006
35307
27636
13215
38658
12821
19207
18705
37423
39339
39087
11399
33851
23272
20447
37106
30274
36349
18897
16290
16000
18072
36645
28300
24890
37487
11057
37376
14069
29838
34789
13748
17545
13202
14284
38734
37483
33136
27209
33728
38403
21918
13254
39695
18083
22805
34523
20944
14938
36499
15611
21473
22297
24575
29486
24266
13167
31334
14595
38446
37545
19212
23434
17809
27507
34304
11901
31204
18487
26078
32343
14120
19394
12003
25685
31739
16521
22233
11048
32821
36184
28761
39023
18128
36138
18247
28719
29788
24295
38648
18219
30045
21610
33020
25319
31102
14883
35497
14913
28049
20819
11964
12573
28070
12427
17932
28515
12654
39462
21750
21959
21972
19293
24361
11097
39443
16520
26043
14084
24738
28363
27476
30313
38318
18898
35412
33415
26544
23534
17373
11351
20422
21703
17252
27171
24087
35894
35437
24770
29673
16994
29008
20866
33632
27706
13603
24068
22563
13792
21258
10341
21440
11730
25801
39326
17570
29419
36952
34307
26804
10080
34837
31333
15732
15240
10304
25521
18603
17119
32997
35330
17043
20560
17820
32317
14143
32539
27994
19099
12098
14207
13654
34686
22482
10427
34512
22969
13549
18189
30034
31677
26431
27207
32938
13864
27547
24996
33706
22959
33802
28812
20159
39722
30907
39796
12195
38908
39384
21027
12942
13422
24455
30221
37803
13939
29419
16135
26498
23281
23688
32370
22192
24170
35918
19427
25869
19358
34348
15534
27317
27515
23412
37146
31459
31638
19530
14482
12475
30620
23904
38317
10069
37033
36408
22401
24488
18158
24960
10349
30998
14039
25576
17043
18944
35231
10581
10771
25898
23909
17146
31693
20628
25332
30466
13971
38444
34581
10669
30203
39534
20712
20601
38168
38842
21553
32084
35482
16664
39686
14189
38618
39986
34481
26436
35129
20960
28971
16784
28486
12246
22489
12863
16539
19461
18199
12944
34960
11165
34252
33436
31395
26251
18453
38644
38332
30635
18395
15752
37289
39778
29865
14390
27795
28648
39636
26653
29410
17889
14106
34926
21119
34048
38846
11721
17249
31738
28735
31311
28428
20443
21631
28958
25521
18672
13568
32084
22102
22254
29420
22114
36428
38104
37065
32095
22853
16116
25784
32097
14127
32871
15244
11927
23493
22025
21773
36093
29599
26776
35428
32128
28991
37430
10546
26959
33268
27040
18973
24224
39556
22007
15382
19136
23503
12294
27648
37464
30792
14955
19383
13119
29329
17052
27215
20894
37922
30372
24911
29383
13504
19760
21514
23962
15991
39843
36230
30904
29408
10312
36481
31554
21320
19648
25105
19388
26844
24079
21797
15469
17597
37790
22842
26064
17029
14573
33442
12763
14160
13250
29856
36036
37963
32791
27312
34557
11197
32012
21118
34008
16256
20574
38565
23842
31469
32959
20664
18416
30127
14099
18356
33247
30277
38393
33815
25941
22729
24158
17912
10035
35426
14593
12879
34385
29175
14347
32424
25447
22016
27405
23556
37826
11560
34975
38392
25497
12625
12619
26376
22226
19332
30148
23406
23625
36706
26283
38668
25387
38364
27508
21283
31387
29485
11399
28634
21455
34207
30843
33894
17009
36254
18134
36964
27515
37672
22336
12548
33618
16050
33173
11381
22583
12511
20445
30819
16607
22135
39239
29335
32975
15211
23113
15234
31574
21143
12768
23974
17737
23664
14867
14476
11164
25351
18362
35985
13627
34763
36617
18860
13927
10147
24995
13224
15112
28029
16291
29425
33203
29385
19973
20909
12154
27938
19611
32418
35336
14958
25897
21658
16772
20655
18558
17258
30559
13336
27345
37269
23872
35310
30144
21196
38288
33422
11558
29617
33591
33428
10259
29241
30570
14385
16628
35629
25654
36064
16372
17707
39071
23276
24723
23300
37084
34609
27262
16917
18043
15453
24311
10424
25554
17163
12851
29906
15067
25761
15014
25517
26234
35004
18523
23341
23177
35705
21371
32465
20626
29835
23754
23930
19025
12006
24286
17572
17043
25322
17782
26351
29325
37759
29545
20224
20582
19767
18845
39971
22287
28549
27282
14892
22895
26319
15955
36721
15047
32456
39652
38416
37558
18510
25888
25036
39433
31405
21776
20933
28890
36751
20810
19768
24621
34032
10816
25180
29597
29333
33620
16257
13447
35005
25113
28968
27104
21607
18435
30052
14039
24792
11796
28357
26610
17923
25297
34565
23260
18643
33812
32888
22792
10106
33872
15139
17170
16415
16149
21070
34144
11206
17124
34104
31341
37081
36130
10971
34721
29670
18594
31632
24359
14165
11008
15480
24701
30901
25254
35307
30451
20970
12607
32157
13580
26761
24248
21595
27826
31509
17846
37563
19800
39846
22024
31339
26658
33131
37307
34542
26637
31891
32751
29792
37197
38577
28776
17056
35222
23908
33703
22741
15167
25187
39123
28844
31304
32952
20873
27565
18185
25994
36804
32898
20237
20653
34301
32811
17387
21221
25300
16208
17424
13623
27889
10736
23172
36602
26258
19155
32685
30243
12622
22423
12329
37484
20098
28315
39694
26613
22725
30308
34259
39384
25919
20601
19521
26187
20001
26470
36115
31008
31875
29026
25656
33628
28823
14097
35736
22746
17098
16683
23405
31333
22728
12204
15009
24653
36820
20534
19884
31089
19016
39891
10338
20370
15936
16951
25067
38983
24030
25685
17339
39982
36248
29802
26744
15372
21948
10631
19230
10230
26931
22837
28559
35028
15574
32618
37755
10714
14645
24256
32326
14203
34013
10197
35159
23322
31408
12736
24243
15887
31724
26785
15358
27385
29865
36287
30797
36175
10192
25098
24896
30478
17798
11990
17125
33486
37708
29996
15251
12758
30802
37391
34589
33657
12390
27732
35390
24816
30822
37191
22659
33411
37322
27469
27466
11762
19307
34136
11687
30995
33058
29584
16487
24529
19729
13939
17120
36189
28783
17537
12070
31269
17239
24101
17096
23556
19175
28878
12728
11211
15557
37593
36358
13926
21063
21525
35122
14495
27478
29253
31329
16788
10539
34114
20445
21603
18651
38413
12158
12417
29583
34985
25789
16582
37583
21544
22104
39764
32549
10233
10177
10967
37401
37504
12659
14687
35899
38567
28729
30839
38291
26231
37273
36769
30219
14198
35259
39050
34322
10058
25141
33061
37897
24682
16654
26149
11243
30774
29749
39739
36415
38667
32221
35880
35459
17032
10737
30756
29719
12506
33956
34403
36719
12982
38858
33718
11741
29187
30745
12834
32516
29123
21326
37344
21468
18261
34824
21619
31620
32878
21643
39395
31881
25341
27966
35822
33545
32754
16566
26523
27775
20554
14171
26499
27177
22460
18595
23417
23696
26986
31937
14432
25511
25845
11637
29506
10296
38488
12177
36854
10429
34671
36040
38760
35300
24289
15596
35740
34537
23299
37272
15601
17241
15026
36941
28185
21102
21137
16702
24028
12078
22798
25440
26604
23254
13328
18517
31116
34048
31639
39119
20778
13331
12166
10229
21620
39365
32324
28033
24357
32836
19375
15976
31384
15024
21394
23206
39957
14905
22538
25745
38704
12702
23507
32048
17397
31199
10246
12401
37788
10066
31547
22052
14675
14959
28159
24550
27556
10146
32398
24698
27044
35631
13160
30571
25857
36012
34509
38226
31984
12833
26502
22213
23905
16252
24101
39069
37652
26031
24011
34573
14090
21121
33953
21712
35910
33763
18989
38534
28515
20858
32719
39760
17383
23991
27221
22321
38601
12415
23745
30924
31294
21590
17979
15847
36508
33257
14795
28307
21611
29993
24378
32257
32471
11976
22498
27670
37966
27040
34798
12688
21259
25987
12357
14593
17759
23928
18569
15073
37840
16315
35049
25728
13726
13644
30783
30408
37983
15389
11018
19589
12666
33390
16161
30704
30203
31151
34340
28294
14458
28952
31377
19484
18378
23183
23439
17406
14699
19665
24511
36444
30063
20115
21846
38282
37187
34833
15912
27350
26009
30433
26825
30182
30140
18039
36210
32525
27969
25847
35585
29384
17059
21664
19018
21302
28605
22042
10813
26187
29810
25430
36558
10726
30845
20680
34117
21521
11442
25420
32958
24557
20487
34264
28231
37334
28315
30102
34833
34275
32688
30176
23245
16195
14383
29597
10246
11018
26271
12542
11178
26043
19165
11280
16902
21823
12092
16198
21601
10078
31738
25110
16087
16354
22507
29683
29758
38072
17237
28457
33068
20442
20064
29723
16028
24425
35936
34101
10318
15957
22352
18855
16547
34703
22630
22331
37240
13258
23044
38968
39149
37482
14895
38205
10466
29904
10831
37444
19816
16976
15650
31713
32459
19256
29251
21922
24561
31053
33165
11043
11569
33721
10418
10460
28381
27471
25212
15658
31907
17314
26317
21896
33870
13774
21631
25625
31171
13661
26753
32541
27114
18654
15101
21319
23569
35380
27294
31817
39051
10332
32503
12757
30322
11108
39875
26098
18009
21812
21106
32954
27080
16959
25913
31687
38367
24321
29592
20696
24284
27375
28742
10859
27729
32916
29559
14544
29315
35641
14796
13647
35958
22544
32793
11111
18229
27472
11872
25259
33029
29725
35198
17731
20395
37843
31909
22117
13852
11997
35617
21807
29126
14727
31601
26961
30633
21175
14369
26671
16869
12183
27929
19141
38083
16994
29941
30100
20662
33696
20401
39990
22736
28207
31288
18147
35084
10580
29621
38893
36355
22775
34982
19264
13588
13842
12396
34382
11135
13959
13237
33902
22927
17364
39124
18475
20835
18013
36258
24673
28524
39458
14656
23965
20072
15581
38144
10726
28975
20578
14352
32759
16668
15660
35864
37697
38600
21064
32284
24173
28171
13267
20996
11545
29932
24869
25913
20979
15838
34096
34900
22998
18650
32719
20030
28118
23953
39631
30609
30238
11263
16063
22644
21561
33879
13320
35146
27211
19732
13489
21793
20778
22518
19479
20537
25945
11972
24571
26457
12974
22430
16708
28739
33579
32131
18126
12577
34002
16300
35522
23054
24364
25319
13293
16599
30456
15319
10203
37615
39908
12159
31967
23913
36637
21603
15453
34356
22324
30337
25064
35338
30906
35716
11755
30605
18871
16648
31346
10605
12845
38490
35622
24979
38124
12011
25626
33733
23191
29574
28761
35571
31499
33292
16378
27274
35800
30607
39973
28883
22119
27285
28223
35572
33402
19103
23915
35737
14907
26078
35398
11103
36063
33493
31040
12285
21136
13206
20446
14892
22731
17123
21490
21351
12937
22487
21974
28840
17435
23836
28889
22841
38914
27915
30621
20681
10941
21293
13534
23231
23341
24798
20238
20787
13549
11511
15422
14175
28549
10196
11701
39414
16914
27994
34851
39067
21359
33252
23877
33450
33562
13935
38203
32678
38408
30674
14248
18249
31669
15075
30248
35951
32449
23225
27267
18471
25101
35997
31270
11645
27631
18626
25787
35756
30021
12968
35879
26046
24933
20854
33562
20484
35674
36448
34441
39668
35275
21739
39445
26391
27505
25026
10319
10911
16692
11462
14517
16338
14207
19599
30026
38323
29776
25771
11120
20736
28763
24877
32087
31553
12104
31601
18745
32182
21657
27306
34137
37728
11907
14923
17825
18174
18202
34245
23694
17262
19162
37380
33126
11699
15763
27895
38471
37766
12472
12942
33503
17154
15069
39430
20238
32277
25508
26430
13260
25734
17442
15238
33527
23346
36914
31362
33789
18422
19365
18968
12259
29822
20736
17657
38050
18094
36216
13682
30920
28099
36169
36656
18984
20528
29324
35185
24941
19246
21451
19153
18030
38358
28959
33773
37810
18153
29119
39780
29690
10144
11534
12814
19393
23790
20700
34481
39959
10676
36025
34756
16909
17316
39514
10649
30336
16800
24392
30203
28254
29847
39138
15150
18014
11890
12378
25401
28266
38697
20117
35789
30655
33913
25527
25013
10279
39907
27689
33988
23873
14072
22669
30498
39379
33941
11681
26399
13115
38023
28930
32564
27049
19875
16399
36781
38804
15060
36836
18258
36995
24472
16790
39651
29568
36408
37412
24282
13426
26677
28565
36643
19743
27547
36182
29399
15684
30450
31376
38214
14481
36878
16024
23501
11808
12821
39214
10274
31692
26190
26537
21261
38006
24454
23695
29171
38908
17799
16848
19149
29139
23877
10511
31589
15998
16220
31129
16504
24262
35136
32049
35670
22292
24195
35560
16092
12211
22872
16704
19106
31750
26846
15038
34610
24983
29554
21144
39802
27122
11463
33563
15611
19224
10266
35516
24533
22242
28033
36245
30862
34416
16303
19538
29291
20762
28126
33240
27845
39726
32053
27414
34366
17574
26743
16372
27606
13487
18767
13677
36419
33714
17084
13643
21589
39931
15122
21182
27757
28735
21802
11835
12585
32253
19709
37680
11712
26009
35070
12315
24878
15460
17690
34819
22061
34020
35166
29657
18501
27601
17883
16314
23607
32267
12110
26617
39048
15854
22366
31888
16157
39682
24609
25014
27144
27827
23273
20701
25843
11098
21973
37769
32091
17137
28056
24271
30234
16923
38621
39672
23222
15010
26598
34701
36821
35457
16727
10176
23997
11636
14198
26087
15283
34070
24441
29906
11156
12467
18071
29199
28748
14881
38852
19920
23130
30718
26366
19150
24502
16941
23484
28527
31499
24983
24746
19458
39772
15225
17026
21051
37234
30728
35485
36428
16149
24019
23311
33110
23948
24068
34098
29781
19674
37621
24006
21897
12404
14361
23213
38849
13226
36192
32208
15048
34788
13749
33369
30651
31049
10487
38154
11876
15592
11240
24548
15408
30650
10880
24025
19685
24417
22303
18650
39390
34540
16304
29149
13226
21351
35855
36144
27260
11651
31023
37280
29006
20698
32324
31268
19840
33652
24166
11989
14157
17824
10593
26093
16704
29829
25671
33746
31729
31994
34898
19129
11139
23220
19153
21096
33439
15046
28749
30323
20113
19477
32831
37676
18419
19020
22383
21259
28729
20803
34224
26466
36617
28841
21913
30872
37894
12230
19652
39098
38593
20487
18564
26529
38655
20954
31223
22215
29030
12717
25327
32896
12915
16636
21848
10252
29000
11343
31803
23785
16896
30481
12196
11862
39759
23694
13039
17729
20028
14919
39270
36511
34361
15470
29567
29463
26614
15766
24451
35626
12168
37341
28402
11595
16886
14247
35181
10314
33601
32447
39421
20197
16865
17435
25471
28689
14273
34903
23524
10935
16197
23040
15841
34913
20818
28030
16781
21055
28409
17574
16107
20653
30103
35454
17653
39570
18216
37842
29845
25668
22057
18908
14755
34513
20706
29142
32152
38468
38080
27509
20574
29224
21343
13998
12471
26081
10613
10450
30882
14817
20614
22100
37671
26816
38982
35443
11341
33657
39563
33547
12888
18276
10302
16015
26669
16679
25650
32989
32926
12360
38047
13969
11479
29678
15452
39233
33365
19098
19074
23125
32568
25964
20921
33664
29613
23851
27931
13504
30285
18663
18814
11855
15307
33843
38946
12433
20327
11780
36063
36751
34062
29511
10279
10413
16040
39818
36553
24338
13204
10845
37070
23462
22452
20208
28611
27487
21078
28674
32667
36865
33136
27997
17008
35539
27937
20699
12013
10192
19928
39205
27852
38772
39341
24935
36807
20375
20644
25676
29082
31023
21925
35572
37973
18076
36765
21347
39053
34164
16027
12908
33178
16469
28269
26282
31783
19285
13857
30485
12378
18074
13611
12270
28882
17040
15807
29091
10646
24674
35864
15605
35402
28917
20032
25740
31429
23505
38189
22854
30535
24047
24426
12799
30798
29378
11198
32953
17408
19390
10043
16416
21659
24637
20330
20135
22151
31615
20220
38977
19217
20854
34502
28052
34941
26874
11129
28680
16508
25817
36417
33416
25330
37751
33372
22648
10829
11358
15061
15028
39150
21350
37092
16883
23739
31154
35135
26597
15262
28905
28454
28592
21892
23829
28811
14708
17901
12131
32331
20960
34817
36542
30803
36056
16163
38421
12411
18913
36504
35237
26467
18677
37287
39752
27283
38686
18193
35704
29718
39673
33828
35538
32191
28384
38053
29783
21402
34306
12129
28024
20626
38159
21127
37819
31799
12899
37763
18672
15495
25835
19507
22029
24037
30760
21816
36310
28483
33615
34489
28275
11841
26140
19623
36522
13383
28879
31313
17711
37082
20349
12062
12041
15725
32684
32475
35665
28641
24817
16318
36246
34025
13841
25228
29243
14078
25068
23511
31019
14701
10044
15010
36484
30535
14564
32563
11524
38690
11565
15190
30384
11724
19278
11812
38317
21647
21495
12521
23547
13860
22481
12923
11793
10775
11122
15293
11676
39066
27591
33501
16298
17762
18256
19498
36415
38228
30139
10555
24590
12174
36905
15253
12714
14329
31760
13605
17525
33039
14272
13871
39649
34722
16198
33450
39664
33613
10248
17458
23561
30458
37412
33883
25271
21871
29591
12587
21665
22050
13522
33352
25090
11477
37884
39646
10729
26704
28380
34358
22189
16218
34449
21007
30334
14150
16218
38893
38114
11221
10117
23597
28391
13830
32471
30183
14215
24989
19899
21957
17092
22477
29330
12099
21752
32692
32376
25204
27906
21504
31305
13677
37606
18531
22472
35856
17204
38750
30107
35951
17476
16037
26056
35732
35346
36637
35228
39867
34534
13919
24253
21045
31947
19963
16990
23057
17822
38505
13625
17581
39992
13174
33989
13940
17317
29777
15428
30188
36424
26271
33510
15956
36552
19115
14947
31499
34586
11962
30204
35147
22917
21347
37827
31693
24810
15311
17514
14608
35604
35691
38479
16896
38877
15115
28641
35497
30967
39094
25704
32162
29526
26542
26837
17155
34704
13363
19769
30957
34898
34153
33033
35215
28703
19849
31926
23527
31958
39401
14521
28874
29526
10461
12415
29831
12079
17528
22793
37717
35271
36678
18903
14712
15561
33315
36320
12197
32756
29340
22446
15778
22942
21921
29331
21778
30696
13581
18583
23436
14104
34176
26444
33734
15588
11042
12774
30547
31753
39680
18723
28755
15509
32463
32799
21309
20743
34239
31688
16952
26106
18707
39759
31587
18860
10065
29344
17735
23187
14571
17253
38443
36709
15891
28490
23818
26235
16788
17499
38635
36487
38266
28505
25519
16948
27245
13099
13174
23356
37327
25674
22342
21165
37706
35259
32072
21830
23998
26889
20643
22888
27485
26113
18053
14780
26250
15247
27518
15042
26917
28937
22057
28981
20439
25491
18271
20456
31289
14013
12295
12986
28380
31302
34743
31405
28390
12406
29712
35837
34128
21188
30564
14418
24516
13789
20483
23926
33334
15248
19769
14273
35264
18134
10041
22049
15695
16344
39580
39927
19003
26281
10453
25595
31782
39792
32117
14371
20621
23459
34231
16310
12639
26575
38126
20550
12151
34814
13933
24678
22777
15477
25208
36030
16520
21566
15710
36429
39443
18519
18899
36270
26996
27983
35051
14135
26773
14563
24559
34592
33871
24451
14741
28291
16181
25175
13032
26512
23113
37779
21344
32213
30919
23440
39865
34581
24857
32258
33688
21503
38815
12851
16640
21891
27586
33807
27932
29387
20946
34137
33477
35116
29371
29876
14472
23123
39132
28595
22477
23155
34989
32088
35057
15929
35346
18329
22650
39182
31255
15631
18127
36773
27054
35382
19350
24579
14626
15407
20154
19295
19136
23101
28672
32795
30922
31835
18168
17160
10253
28481
28962
32767
34653
17345
24585
35789
33143
34286
26878
33777
18422
13742
27901
32882
28540
28454
36708
11147
20662
38286
33058
15868
26710
37378
17650
30248
29455
12963
38694
32301
26639
38212
18584
13576
38614
10683
37921
20960
33965
13806
33010
38075
39343
11185
32620
22803
31981
24238
21077
36075
16903
24646
39372
12838
32826
16403
37556
33468
11265
12544
11918
35282
32605
32542
15792
34372
19681
18223
23245
17769
30093
38701
10314
10457
22185
35981
19602
33573
26817
35233
23712
21469
21374
22913
27405
21641
38523
28600
28450
12813
19935
38819
21919
23981
15827
31156
34756
38831
22848
10553
27175
23937
31498
38097
34829
20324
27435
11652
28440
19697
39791
17200
30119
36877
30823
12226
24305
34760
32982
16327
34313
17840
30222
21119
25054
15982
14098
29349
31836
21794
30412
38768
36017
25367
31528
20413
28721
16325
22184
23939
28031
18426
18869
39260
17183
38711
11485
28360
23562
12228
22844
19512
39852
35783
23129
25947
19654
23712
26729
17039
22309
32800
32801
28981
25125
33075
31384
15135
15047
37458
13347
36692
36388
20016
28870
34456
35084
38751
36406
16081
35990
31304
17190
15802
31667
33636
15219
14306
20166
33440
12047
38098
23915
23036
16112
32701
31492
34021
38080
26523
17232
15239
31959
37798
39965
15560
10812
19163
15859
10238
20365
30400
10493
17772
28243
27152
16113
22592
25583
37800
29821
37839
39797
39728
30402
24301
15248
34469
31349
15829
22718
29374
14695
32248
11681
16113
31501
24003
37481
35669
18657
22987
10265
33234
17930
32154
17721
38267
15651
14615
28496
25201
39785
37085
32973
36788
31415
32800
39559
25355
21416
23585
32938
24024
31597
12001
10363
25005
29111
18203
20194
27235
23314
34542
34202
38706
33233
13049
22093
27646
32035
33041
26986
19604
19280
29895
15815
24300
10528
36340
30639
11065
16880
28151
39131
28346
15295
16822
36802
24794
13865
23585
28645
27021
20675
35625
11188
14325
37814
12175
37078
38046
26174
25340
15669
19100
12860
25119
39133
15018
22891
39821
33330
31522
20670
28250
15460
36418
32270
24209
28032
38346
17308
26952
13277
21270
19564
22932
15628
17849
27558
28894
23724
27429
32493
19009
12388
29167
35341
26181
21231
13244
39259
34495
13049
31020
28078
35276
30518
29624
15098
31890
24598
30285
30276
15569
22844
25182
19246
16383
35972
38407
23729
37802
34565
12930
29694
21155
23325
14361
20632
21996
36383
26613
19216
27407
37021
22393
26681
36068
19039
39311
10652
24099
11306
36418
24071
35573
37385
15158
22769
17369
24214
34599
20879
15862
32133
20502
11189
10999
34521
12549
25690
29202
23302
30895
28476
31579
18053
21490
36611
25652
39899
36542
35707
15404
39253
28520
12323
10963
31135
18347
38268
24700
33628
22163
19678
24598
38851
23542
12034
31842
17916
32902
22743
34438
10602
21051
37473
28119
18015
30752
37693
24825
39505
17216
35554
26354
11168
28756
18243
21074
32071
30749
11279
12264
18472
22327
32449
24534
17705
20664
21085
30486
14088
16136
31611
12400
25644
24541
23496
20240
20880
31605
14210
20756
26330
36010
23764
13564
28247
37966
31235
13848
11234
18490
39690
16613
25227
39735
39922
13511
36097
11989
36586
13155
24054
37631
13570
20311
14328
22129
38360
11873
30791
25839
17435
22085
34749
27022
11557
29143
13674
37155
29894
33475
36538
34948
24002
25531
13304
31358
12574
15857
17662
10957
18048
23259
35820
17083
31764
17005
29305
18721
39051
25620
32445
15332
36782
38954
20844
11100
20456
20116
34380
36050
24206
18335
23379
22450
23554
10367
12120
38477
19743
12298
30074
13727
24977
31092
16477
19894
28796
16129
18383
10638
27490
12725
17274
20697
23434
37155
14259
28579
20223
11887
39689
33805
39892
35235
26856
14634
22227
22068
34898
39295
14893
18287
15856
39179
23112
14249
18010
26458
36897
25408
34230
24426
23637
19527
19548
11497
24613
38923
29815
23101
22678
33457
28713
22043
12339
21316
26284
33945
22165
30302
22771
10919
14427
30181
22447
29956
28057
23964
27858
31843
34125
37155
19709
23386
21663
19841
25628
14365
10966
14984
19184
13831
12514
35429
35201
34672
17378
23369
17226
13498
37853
34089
37227
37202
10082
30887
34702
27995
22221
30751
14398
27231
26751
23888
14310
36666
38352
13052
11394
32713
28391
35912
30850
35596
21571
29982
27256
31513
21136
25791
17158
13182
25540
15035
28087
16266
32153
12629
22998
37390
27427
24039
28554
19029
34175
17948
31227
24338
19689
11720
13345
36853
22968
11435
16289
39317
19943
36006
34533
37942
15495
27379
19546
27697
35203
37676
10927
19096
20922
27981
33116
20881
35907
35488
28827
18260
23505
14744
15091
22033
23955
35230
26631
27452
23222
37654
11202
17298
30232
10675
37190
30147
26372
26521
30698
15159
12836
38890
27794
31194
10759
19111
39586
23834
10756
22416
27881
12845
28455
11839
26486
23277
23363
23132
13819
16683
26409
29367
12130
16960
12333
16945
38227
19489
35534
18602
28476
12153
18628
29178
37320
21964
18711
25008
22369
31183
20549
10652
18948
15986
30928
39043
25843
17818
35679
18326
37029
24179
34935
38240
18766
31041
21317
27961
29916
24673
27136
25294
10214
38964
35429
17227
38171
13453
25188
16843
28960
21618
14766
16896
25320
28717
14618
16447
33624
22091
15569
36493
24836
27562
10744
22848
18893
32791
16526
35673
15914
20086
33684
26024
33009
11943
36441
36885
26483
38246
26440
36520
14892
13620
10892
25705
36904
24985
30968
26181
13387
23690
24442
27094
18898
25971
34914
31259
12825
19096
15855
20166
36329
37715
24393
25169
31581
33477
16611
29726
13927
30383
18875
20900
23027
26073
30764
22324
19307
12813
39155
18494
22819
20302
19314
36856
18568
15013
38609
35932
31056
39303
29087
31600
10755
18807
15745
18845
39911
13377
17285
36575
34088
29473
22225
37990
12072
34048
17657
17209
33658
11408
37319
21307
17002
21324
16633
25237
28404
16181
12672
25690
37105
25936
24319
14872
38098
18565
10054
28452
18995
31655
15330
28614
29345
32256
10359
27896
21631
27274
32964
11428
28600
11651
20075
23843
22363
37255
33584
33705
13692
22970
18249
16302
27944
32858
31901
27146
39480
19080
21942
30694
33224
10669
33768
22098
39338
28260
12205
11185
34112
24176
36236
14319
28130
37501
12888
25220
30890
33920
15797
25756
35020
31525
22611
36130
32060
26133
30806
31637
26683
27156
22462
25703
17296
27203
21337
26646
12725
24788
34512
36615
19562
19436
14946
34093
12574
25732
35074
23159
17502
18087
28166
14986
30661
18388
27209
36244
33551
34343
13972
37686
35268
26738
18334
20629
13680
14523
26898
20565
30046
36316
24814
26977
37163
21228
12252
13584
19396
11351
31775
15689
32834
33063
23736
16967
24015
23206
21693
27639
26723
23188
17182
36997
23310
34820
25479
12700
35999
23077
26999
34136
12592
16081
33139
22082
30419
13453
38132
20909
26538
16848
37348
13609
16397
26230
19669
29060
31277
32159
10300
31942
29199
31188
32407
20228
16047
12736
10215
25818
26986
15830
31243
36194
22846
25903
11594
30839
18369
25907
29366
36290
13166
33295
33871
38719
29760
12783
32317
16121
29790
15887
19577
39678
29519
17589
30048
36601
12692
11928
10572
27102
21559
29301
33113
32634
10945
23014
19311
18563
24192
11666
21413
19244
10687
17127
26288
37483
27914
25152
18797
13631
32813
26921
31918
11992
11720
14370
22854
18485
11646
24630
36145
21808
33917
10009
16415
20305
19736
34879
37751
36871
32427
25784
21742
25447
26141
38712
34287
20131
16790
13673
31994
25290
31368
15025
14152
34666
22571