10762
37914
25849
26085
23067
27937
17487
12444
11665
21917
17975
11823
13213
32579
36385
15847
29554
24526
16992
37309
23020
35676
21745
26625
21834
12781
26067
16886
26573
39048
23657
20924
27981
20299
11546
32177
12492
10015
13027
38810
24265
20868
34975
35927
29572
35109
16581
14611
34908
37858
29805
16761
17702
17195
19041
38661
35205
13501
34250
32001
23417
14594
13129
22610
31532
26572
31951
33610
34196
34227
16256
33237
19527
20242
39141
34817
14802
29795
11049
14563
33499
12160
18047
12336
17186
23876
21205
11818
14873
12495
18701
28603
10266
23226
20544
13282
39628
38519
27906
23058
15722
11238
36367
35901
38971
10794
25531
15357
27642
32994
23621
15953
20607
16428
16517
36249
16447
21971
39940
14885
32550
12196
25154
29033
16764
16208
36999
13416
26111
35059
32645
30960
14726
35613
14600
28602
37489
25975
23170
24305
35409
39386
19628
11629
24640
30818
21653
24215
25769
29850
20983
30784
16904
28259
14579
22263
12960
34207
19688
35522
10457
31864
33795
22974
33446
11235
38222
30482
11702
17851
27912
39865
38959
18486
30885
32003
24624
35672
38769
12404
20130
11616
31245
23325
35608
21773
20376
13992
30072
18926
29474
32341
28031
27134
24249
28856
31063
36389
16373
34588
38023
30363
34951
35930
21738
24453
20248
26574
38547
28675
34153
17360
38394
14334
36567
26532
18013
19207
11244
30789
27870
35576
20563
34217
13327
19837
11588
27399
23602
18806
31159
11112
26039
20180
37569
11775
10447
18290
26822
27287
35607
28015
27440
38866
26178
12527
30100
13988
20141
30061
11027
35879
15611
29322
34210
21819
18590
34051
16744
37877
31906
10517
27903
13369
25457
21130
26414
13642
11266
15233
23104
25031
23119
13084
24335
13760
33351
17749
12109
29719
19212
36943
24710
18907
36163
16718
22177
13550
28569
10078
32166
36784
28787
11020
12095
12134
14170
32598
37482
23586
29109
34692
27872
17086
36822
19910
35309
30541
27477
30139
35951
30337
37589
16531
16784
36012
35401
19380
15921
20676
13188
25908
27906
14969
38561
24061
26767
24218
30578
28809
14999
18997
30017
33464
29660
23065
23075
25272
10497
34837
29881
18288
32219
38753
13476
24616
35257
19237
16834
27923
13709
38533
24841
19873
34841
23467
33439
17869
31029
10684
12029
27576
33001
19203
27871
19537
27419
15376
13846
18090
13120
18073
14283
19278
24667
11869
26545
23913
24341
33018
35783
29030
22915
17026
38586
28832
18595
21559
35236
36670
37107
10111
23208
10757
13386
10613
26861
10090
30167
30109
16666
33727
35177
14427
23304
39237
28817
23993
27601
17062
34972
25672
26137
35640
36989
36532
17438
16025
11873
16191
24666
20937
21063
22998
15838
28579
26922
16081
17222
32548
19392
29674
13609
33974
18482
19961
23225
29800
31041
14666
12494
37036
33489
25322
24117
10903
27784
28297
24480
21899
24432
18769
17278
35185
21186
10265
15425
15758
38185
23106
36197
25484
13098
35578
20598
36234
33629
31149
25348
29268
11164
39918
38580
24580
31658
38667
31372
33497
15543
37529
16182
30024
18571
33658
22120
27199
36592
25051
38015
21152
32505
24641
19215
37311
35687
33537
31818
11423
22862
14574
38646
25426
29425
30553
23100
13756
14894
11840
36323
29564
19152
19872
36912
34467
17960
23458
31013
23681
28513
15773
37396
26364
28084
26072
39861
36038
32653
24184
35422
22023
31496
17259
35201
15943
10482
39345
14580
22908
11215
30355
17545
33733
23062
10990
26479
37701
17030
22360
24536
32355
35611
27407
22830
11098
20354
39720
29517
31920
22116
12659
24631
20990
22969
22193
21797
27505
22520
26578
26428
21473
17607
17090
10606
30584
19810
23381
38654
29954
23790
12728
14622
32877
34118
21995
16099
21848
15620
15910
29671
39961
19197
30664
35198
38859
26109
11905
14177
36440
18958
28703
15021
16507
30226
23781
30054
32158
19779
15865
26289
18944
23386
13145
35033
34480
36136
10665
19655
18183
12927
38899
13615
37858
13085
32095
12145
16957
17475
31755
12764
28143
20612
20592
12086
30592
15846
21792
26570
11902
35631
25924
17175
19247
28483
19975
30128
15893
29163
37350
15305
34950
25303
29255
39364
31263
11368
19165
29016
38155
39906
25372
32366
28859
34546
18530
24162
11725
29551
21939
17603
14738
37534
11071
22792
38321
11192
31255
18335
18344
15108
39330
27494
27834
26898
32078
37460
19779
38811
13916
28821
34215
37088
34889
38047
16889
34609
33273
27889
38715
36784
31324
39045
17161
22872
24569
23516
28153
39959
30577
12865
33940
20959
10600
39431
18164
29054
26342
21384
15543
19622
13124
22782
39854
25874
10336
34292
25175
29645
38711
37012
37668
28194
12534
22041
18862
28362
30753
19833
22483
17809
18340
34694
30713
25597
25023
33004
17400
16909
18904
37666
29059
37265
17905
29498
25314
38720
15310
27093
28288
30130
20936
33387
25737
33588
10757
36705
35093
34738
19917
26933
39601
32354
37366
23386
14773
13203
37418
12386
15054
30163
17668
33202
38494
18062
10940
36033
22961
37451
28831
20357
29481
33074
12426
30333
24909
15010
21057
30087
38550
22172
31874
15974
32224
23959
14342
13789
33558
14197
29842
15387
21696
33919
37610
21462
24261
14606
20226
28899
24532
16688
18683
13369
31063
16886
13728
37398
21060
21349
36824
23300
38336
22054
16834
15970
12241
36232
16045
17729
36988
17425
20298
16762
10309
24666
29554
12759
32168
14981
32609
35479
21174
14709
12489
26978
16489
18597
20146
28037
16069
30610
20293
11993
35977
11731
37499
30638
28228
12468
30944
38279
11797
19543
27089
15601
36168
35697
12124
15655
12878
27916
35078
19276
39631
27489
16991
17260
23029
11309
15391
20405
35643
17721
24670
19024
18465
38225
22919
15142
14344
17102
20705
29953
30198
36155
38497
29092
38903
10715
22768
35701
32881
29338
21904
15715
21700
25396
39289
17110
23906
11887
14728
32666
21554
34866
30071
31351
14791
20439
35349
19139
25061
25855
20919
10683
11496
34752
25190
26016
39259
21132
39827
21370
19265
29190
12738
36517
16613
33089
34796
16369
32613
32401
31058
17704
23744
24404
23066
20481
36961
25091
15953
39104
21323
38692
36979
13573
36638
35104
10557
27349
15634
17449
15593
16775
29833
37508
25480
16319
39806
31448
19881
21720
16387
15811
27400
11402
37046
32902
27104
15426
24866
20177
22877
27425
19859
14331
39503
20651
20548
27342
33275
35441
14448
34566
24825
27296
26418
36539
13537
29772
14527
37215
21782
31599
38751
29776
28979
10523
34087
23863
14693
17227
12339
39482
23254
13436
20143
23875
22779
29635
16398
26676
33138
13086
11560
27222
21829
11115
28458
23780
34026
36348
37674
19591
13305
29125
28665
34197
12392
31175
36681
15236
34534
25879
34469
22536
30810
11089
24036
36603
35562
29145
10055
38244
39500
15414
12318
35460
29764
31492
23395
28703
27815
23737
18566
31567
16765
14383
15954
14171
21083
21813
20302
38878
37520
16402
21273
14495
11571
16380
39333
16057
26829
15852
13571
28284
36080
11617
21667
28011
17848
29496
37608
12901
19073
35169
22309
30624
18831
30361
10308
39718
36980
15285
20470
25412
13976
35772
21213
25918
12929
33783
20214
39457
15510
32713
10447
14351
39553
15261
17119
18228
31045
20755
37394
34197
10124
12739
18573
27296
30394
14257
14966
37191
13549
12068
27239
30383
37580
16194
17652
33698
12316
23566
26523
36465
29165
37729
20991
26436
38697
10400
32156
37126
15382
34246
36130
25890
36912
37974
11273
15575
15381
14195
33355
29259
13989
16061
11526
26949
23048
12101
39152
15930
17303
16976
28045
34323
10012
33958
28492
36539
16066
21086
19392
26234
13554
12911
30100
28732
36200
11781
18722
29960
15618
25628
11944
25999
36502
11797
27391
25827
14775
29767
21133
12641
22055
22150
16719
17670
21541
12850
13823
32358
10989
30202
33203
32676
29725
20021
14871
14531
22945
10084
36954
25807
12873
18216
35374
38112
14251
21584
28794
24113
17542
21178
30167
14148
26698
35494
35040
15521
21449
12767
16163
30208
32382
11599
37596
22708
31804
29209
20006
26053
39447
24671
26047
22233
19234
19291
20272
19791
19376
33240
28569
19755
29364
24465
12490
24727
10326
34566
27271
20122
31053
13968
22350
28588
19840
28075
31955
17644
19278
24769
22572
24924
39531
22747
24692
31257
29979
29972
12897
21241
35076
23969
20837
21466
13199
29388
14323
25262
31074
15294
34606
35873
19379
22650
33506
32038
18414
29215
39028
28472
15783
27006
28904
35919
28704
10390
33371
18733
28133
12078
25907
15430
14329
31264
14041
32927
21337
28073
35154
20594
30237
32057
26349
24947
37446
27504
30081
24444
10636
36149
27668
10667
32339
15035
26390
33821
31327
32907
12334
25067
34734
39648
18363
32979
22533
12073
19091
18093
27849
23255
39976
31565
17297
25320
31454
10247
14467
29173
31779
14194
23783
17138
30977
26825
16030
39713
10276
32027
19195
32614
37585
24220
16463
30451
15944
33321
30705
21205
35966
16900
16784
37957
38142
22270
17653
10463
17382
12156
14244
14535
34561
16429
17456
29691
17427
24819
34590
25932
31135
23352
31839
35130
32448
17586
36230
25682
34501
26465
29244
13746
25164
20738
13258
21949
38312
11904
12390
21221
37873
13492
37994
39630
19393
21418
18846
14387
17997
14261
38967
24909
22947
36354
38128
39543
19789
35482
27441
22810
23474
34208
26725
21344
19486
38310
26548
17050
13347
15818
13934
20591
33497
35857
28220
15504
38975
27501
37260
36211
20833
14679
15493
30029
14378
38906
28234
31726
29706
26956
31204
12688
24055
15693
22659
18566
35539
17680
32887
30514
28723
18684
33040
15767
20270
27622
17478
34366
12227
28902
39525
25736
24221
31334
13806
22921
29803
24681
20140
30055
36022
35486
10314
17750
19923
25894
37341
22655
35699
19839
12528
10070
28281
29455
10378
10056
22988
23706
30003
29149
38862
13588
22672
39813
32810
33344
34869
35927
18259
32884
34361
27166
30103
33027
17193
24532
18251
20758
20150
36824
15816
37114
19039
30964
17006
25433
26084
12373
37594
20046
38866
35313
35483
11213
13941
21074
27398
11590
26422
21916
27080
25495
27862
18122
34546
14947
15605
17614
29409
37480
24565
26610
27516
35277
15775
24249
18893
13592
36659
36604
33883
11117
31727
29669
23193
27421
21669
39345
36260
24558
11438
37497
13305
30055
35280
29938
26638
36919
30482
15043
38105
18970
23479
38085
27589
37691
32672
10059
30092
27936
21326
28293
21187
33047
22387
20706
35241
15788
22967
36929
22367
14468
27762
33603
19893
18176
24280
35154
25243
22370
36365
23952
28944
27486
18117
35795
25219
37376
29277
28706
29867
37836
20064
26127
34357
14513
38057
18465
33333
22820
26496
20212
37538
21022
35831
20704
21541
20952
21944
23843
38672
39358
27798
17558
13624
25319
29789
26382
28668
31969
17145
16757
25410
10850
27077
24627
10242
30847
30093
36127
35399
15695
16592
25584
11277
39255
20167
14196
18229
26804
14199
24766
23956
32236
28194
10886
11773
10918
23588
33106
35670
26860
13127
33690
10587
24603
21270
21271
16139
18317
27096
29809
18694
18077
27726
32356
12853
18988
35536
10360
34872
22501
13579
10041
36318
34128
24030
26378
27071
36762
36207
11333
24902
17693
30290
12033
38288
11618
23073
38246
25004
30150
23516
22135
17535
32541
39869
18077
15149
16257
11222
33404
31942
20240
12303
15171
30982
32902
38985
18463
10428
12151
32385
14064
36230
12683
15057
18367
10690
21710
29739
33016
37019
28123
25798
32908
10392
38081
23734
21002
39553
10301
38833
28389
22565
24643
20518
35517
23005
31095
36968
22172
28812
30804
12410
23328
21736
37468
19702
29245
31539
28783
37232
28474
28901
14880
14215
23433
29911
27852
33391
36771
35717
34922
36620
29793
39938
30905
11476
28187
14808
10176
32718
27387
34931
17485
13905
31635
19886
17336
22826
36753
17292
19348
25107
24891
36474
12811
29255
10510
10966
17343
31995
13721
21885
32700
24268
30181
39911
22147
36241
32282
17851
39485
19133
14645
13781
36835
12561
14029
17110
36529
31247
25141
21980
29631
27180
15223
22868
23971
31452
13986
29320
24122
36230
16535
34225
11726
37318
28914
38622
35165
22312
30918
35617
25756
17029
13795
20869
32898
26324
38483
29738
16416
17611
37183
33395
20411
18177
15924
12611
16393
31040
39158
24683
16203
35317
38136
27498
11447
36129
32006
21419
23607
11538
31967
36029
27894
25143
29341
21120
32091
19290
13688
11245
22502
17490
14256
17389
35798
34332
31797
23915
34107
21274
25963
34688
10759
35638
34042
38299
30204
30381
21729
37428
28105
30467
38014
24580
36522
33856
26890
30808
26670
35322
31788
38419
39165
34474
14743
24351
38421
14174
30678
14025
14331
34452
37555
12517
16645
10783
29824
14072
17784
16741
19699
12334
11191
26184
36371
23423
29847
36453
14865
20490
30761
17386
27506
28728
23383
32587
31029
15546
14392
30747
22557
26919
36385
20401
25354
36965
29440
36401
13868
34210
19140
12059
31204
27912
27232
21799
34062
25047
24618
34983
32625
28537
27196
12303
20400
18169
22975
12927
22716
37887
21965
34066
28718
37605
27819
10029
24486
29637
32050
38883
18249
31806
17481
16765
12090
31158
34015
11756
37304
27112
34057
25464
11882
38752
37052
36210
24535
16649
31757
28947
36333
37555
27733
24627
26088
36621
18608
37455
13205
36491
17222
24657
28100
35216
17833
38283
14621
11931
21534
14826
33520
38247
11577
18726
24464
30438
29553
19198
29785
22732
13908
14920
14314
25873
32706
16242
17372
11817
18428
26254
20214
34117
31127
33341
20779
31007
21998
26224
35864
10650
11292
13827
16190
27320
14903
35406
34779
18659
18216
39498
13964
23695
38061
19608
24582
33740
33541
39824
21317
28761
21496
25793
16242
24714
24778
18570
13757
31328
24854
31037
25601
27739
16821
13400
16559
20258
26351
19264
25147
15368
24162
33526
29568
25205
21151
17648
32493
10417
33929
32058
30353
33921
33471
19187
18767
35784
19887
37238
23053
32663
26418
10060
19027
26857
20219
27560
17244
31388
29218
11013
12079
11944
15489
23438
27379
18632
23736
24587
31927
12287
12123
27392
21085
36398
35533
31702
29912
23082
11713
25388
20939
33672
33147
15998
18943
18262
38231
38724
10245
14859
34376
32524
37486
32198
20942
23962
33513
31881
17217
28759
37644
21583
28886
37216
18932
24392
11198
38172
30369
27683
25356
11449
22798
39272
20553
24355
33898
24214
20324
21529
14775
15312
32409
13912
29646
36780
17531
29514
29978
29383
26855
31136
23710
21258
22771
18143
25569
31568
25052
31275
38718
23432
11778
16986
16939
12211
18252
16432
21081
11420
26328
37763
32465
22661
17625
21370
17257
18989
35512
22967
32383
33154
12902
39374
26753
27451
31975
32327
26454
11238
16065
23414
32873
27045
34405
28422
25409
24985
38054
28889
13754
27018
24506
31194
38601
21724
15107
19735
19984
13730
22035
19019
15761
24544
17294
33588
19164
17579
33367
25956
23962
12011
11044
22876
20168
26846
21017
27571
11937
14275
32183
38198
20704
21904
15792
12788
34297
11514
21594
24511
10699
39166
38443
39796
31567
22729
34658
37911
33101
39340
24147
31243
16829
28785
37585
13262
22883
26904
11264
22602
18768
16131
10792
20626
13434
39102
21155
24707
38686
37934
26702
11059
15564
39038
36291
19202
19492
28498
22302
21862
28791
31232
19484
14546
38324
12108
14032
21109
16477
12384
10351
12063
38228
39560
34879
31833
18078
10116
30237
37624
17625
30327
26991
11551
30737
10355
16895
39313
10158
20859
23562
35086
16050
18645
21411
12266
31823
22378
24865
17828
24692
33456
19500
10059
12130
36232
14886
39002
37028
35413
23074
28541
29747
18581
38055
29044
29355
33780
21930
20013
17732
20039
12387
32061
26385
16269
25328
24899
21593
37797
36419
11254
32127
28914
21941
24815
21471
39545
19412
18012
10988
27528
32222
15986
38652
27597
18205
21463
14283
18192
11101
12703
30581
19492
39529
12347
39211
36849
38598
29337
22006
12337
28695
22914
20646
13786
13627
37967
18150
32049
39985
30593
33246
27899
36622
22205
33330
24403
39074
10556
13514
36013
39166
16841
27047
32037
30155
14293
31203
19943
27535
36913
18140
33672
35376
35302
39233
36276
34230
10196
39026
29798
15043
32648
33778
20275
10317
36660
37085
14265
36236
19023
39329
38975
26071
10416
17159
35544
29097
32483
34730
26457
15890
37324
15620
25476
37770
25839
29986
22503
15111
29925
29874
17407
19822
13742
20484
26618
14717
18719
12063
13782
36567
27690
17238
21701
13575
34637
32618
23923
34754
32764
14305
18636
26129
15175
14751
19901
16304
37540
36209
23434
10716
30129
12186
21582
26925
19477
36277
28391
13850
26478
38903
13251
17413
16672
10344
38537
16758
15870
10537
32405
12666
32900
10983
30426
36697
32475
37473
19535
13410
38830
24055
14570
14334
23885
21279
29007
38004
28463
18271
28200
21356
19502
27176
13374
22166
11050
26336
16348
32994
36108
25816
19036
22741
36152
27900
12562
39696
10256
30112
23285
33406
18266
21523
19136
10819
36424
11700
16115
12651
14492
24073
19195
31883
22430
21826
39616
35907
32080
30347
16367
38404
35454
22003
39937
19765
17216
29054
37992
14015
34344
12137
13881
26817
16323
17659
18869
24299
12019
20199
36221
10536
22009
37415
13755
22109
32288
37762
30234
16482
29850
10941
39431
30159
30262
28979
22903
16071
13294
19938
12433
21020
18801
26985
29373
19186
39931
16217
36000
34275
16423
28476
16389
14055
38906
11979
12924
19890
33976
25190
39945
25330
30527
30484
25135
21725
19284
24328
30966
24734
15436
18663
29915
19691
23213
37901
39196
30004
19453
30708
36262
27301
19035
13947
38072
13256
33396
29623
14382
16691
14974
23790
35667
15536
26265
33997
13125
28948
15368
28718
28375
33174
37174
24707
38707
14323
13745
23255
18965
16095
12472
36558
10116
10751
16847
30075
10468
34773
12548
14428
29852
26814
37369
29150
37003
26032
19169
20513
29029
37527
19018
38951
26431
28413
39468
20723
36005
35465
37287
21796
14084
17853
25250
18326
37600
27682
25638
22702
17795
14334
35454
30599
36557
18840
25731
29507
15791
11754
38197
32821
31532
25886
30740
13752
14127
22052
11698
26903
24505
14891
33058
14202
19935
14445
36979
26509
33809
35668
37350
29371
12281
18536
10731
35256
22482
23158
31702
31453
10170
11546
10448
23234
22132
15723
19786
29376
16544
15807
25542
13483
12962
11045
21128
10829
13254
28196
25196
30847
11479
29209
15055
11755
37208
20624
36383
17916
36686
15705
23654
37342
24662
36597
17151
13052
25856
15590
16877
31417
33272
26559
17029
32841
26255
20678
12218
34006
32945
14933
18879
33647
30174
20811
29581
16628
17078
30414
34674
30402
33458
11567
18665
37934
11650
24904
11811
24482
17872
16715
16663
30864
30551
21263
16892
17495
23620
33660
36233
15463
35066
19221
26492
32120
15655
28931
23669
31995
35745
35699
22682
19495
20926
36221
25915
18795
21294
15450
18270
22879
17391
17645
10645
24673
36930
26537
11333
10872
24961
31125
30566
13616
19490
29292
26513
21026
32893
27826
22657
13068
11926
29990
28082
32133
14197
10002
14114
27860
12652
13753
31745
35628
39944
18614
34158
33004
36787
28692
15076
24128
11500
37590
22952
14991
14770
22976
31866
33084
25340
19301
17809
36990
23456
33318
15105
34098
18738
34332
37897
35976
38473
12864
33787
18740
10525
25564
14494
32174
39481
37558
36643
22459
10703
33563
24995
11751
20902
16349
37586
36292
23898
12538
13432
26051
16046
37610
38657
14277
15206
15298
13435
28226
38976
26917
23444
19239
12114
30163
26739
34418
23705
39185
26239
38732
39418
24096
23900
28919
27561
10348
15571
18005
25002
36038
24556
17468
34537
10018
17589
20560
39193
24404
16197
14494
18309
38498
32542
34272
11601
19470
18909
14513
30239
29044
15380
15237
31429
35415
20293
13433
28131
19572
37021
21242
17450
34757
34774
31963
39506
36075
16396
37848
21324
21738
13484
14178
20573
17135
19480
25330
30147
27889
25844
23120
39801
37397
30331
35656
30933
12886
39775
18325
18678
11603
19856
29512
11222
24397
31173
29168
23144
39294
30183
32069
17017
11914
12949
23800
17530
34169
35148
18089
20826
31283
11770
26771
21317
32302
39088
11496
15804
34219
27427
16694
12590
34509
16733
39370
15916
21607
28474
23626
22801
35645
10331
35136
23837
24693
12524
22561
37767
26050
37508
38151
22737
36775
30084
24289
12557
19967
34137
28812
36855
14104
37411
31777
36023
28262
14682
11698
30141
16129
39739
30090
26574
30369
25722
36443
27596
38337
33932
12598
26756
39840
17137
22784
37427
20600
25939
15318
11422
35561
18708
39356
32437
21707
29317
33446
23206
11113
37982
39780
29532
28290
30501
32608
22137
19234
17811
36680
19283
15353
24457
33893
35676
18453
28186
28268
17376
10863
23504
14196
27607
16810
20764
12559
32726
32965
13167
22798
39183
15596
29917
25293
22329
23975
13191
16614
11797
22083
24029
14409
33651
36103
15052
17680
33732
27942
24274
15425
20022
13401
13866
25127
15722
36933
28798
32068
22479
34007
21385
34824
17967
20946
16768
12256
11181
34132
24609
33359
22666
39880
11696
28909
25525
28215
25560
38360
25919
26687
17421
29903
17868
39405
17129
27411
14996
20176
36428
22002
36731
32851
34358
12574
19197
29650
18292
23868
21862
38342
27102
29595
39102
36839
34895
10422
30925
26903
16709
27951
14739
35540
14167
39270
32460
29756
32419
28944
34984
25792
10468
34944
31286
26443
16602
12957
18973
16650
29439
36502
10096
12250
38711
34680
21431
21801
14413
32534
25637
36224
34099
20513
36680
20316
13038
31082
17498
24798
24623
28224
29543
22862
24908
19344
33514
15389
19268
23137
29064
11666
22626
39761
16928
35928
19662
38469
33694
38393
23462
12806
25157
39555
28188
26753
33058
11051
14245
30423
10698
30036
20135
28941
38098
15205
21793
36967
23701
25906
16733
13965
38384
37963
30098
16987
22693
32973
10586
33013
29549
31715
30046
13844
22460
33012
10385
25265
13425
27535
14076
31132
18477
21469
31532
14580
12143
38624
22477
32377
36038
37716
20546
14924
22443
20134
17802
25163
24291
11753
34527
13584
29986
22490
29339
22513
23301
37309
17585
10860
29509
22734
21404
39642
37478
26044
13494
31337
29071
11641
28606
16012
20777
33005
11621
24484
27024
31327
12639
23356
12671
32460
28334
33373
32958
38986
37313
20216
20899
20195
19498
34857
25808
39971
26163
25833
33292
19238
29184
38361
35394
24951
37228
18967
22151
39612
33749
37382
12283
15458
15071
23625
34878
32447
12488
37358
13539
12069
37833
20779
20230
21390
20391
25972
32598
36457
24236
18688
13235
34105
38957
26691
27881
19442
12665
24764
15923
29291
28864
30031
10016
12052
15218
18280
36764
23298
30806
34470
11506
37807
19545
37789
25974
18634
17059
14416
11661
29325
17769
15873
29032
36607
20851
14857
12392
37580
10783
23983
20975
31969
35990
12064
14561
17478
39579
24691
21448
20375
35267
22959
23844
30135
35094
37482
34556
15560
20811
26280
39333
31107
15375
20104
10862
15855
38004
29598
24333
34792
32415
28381
24188
33793
23763
14210
24791
13979
24013
19827
15411
37988
34335
16453
33708
37582
15444
34415
25109
13986
23930
39320
19197
38667
30019
27110
33488
24209
31295
19485
23365
24217
37210
32844
26916
29002
29819
39930
18565
29382
21279
24948
17183
13852
26783
37577
35241
17788
25730
14929
16946
28397
30082
32994
12742
29456
24888
32528
32291
11098
28582
31836
33072
25843
16554
19315
24563
15491
18761
34186
27105
27089
34200
39533
36249
22956
38623
11118
16457
22837
38094
30368
25024
34358
18162
16776
30955
20989
12214
13273
19769
23239
22592
11830
32558
18453
23067
39007
28774
11452
27181
33779
28466
14444
26963
10222
17386
39820
29411
35261
34703
16578
17569
37047
21141
14292
25692
26459
39839
11143
25709
10054
37065
16959
23737
33949
11510
18674
12393
18747
30227
10158
30536
26285
35858
28444
31721
37172
23843
12556
19364
12457
17079
23743
27308
29007
11281
13394
32173
12810
10611
13204
26225
34097
35732
37644
18345
23678
23247
34719
13915
38131
17100
34830
17438
19572
33787
26583
13555
37742
34273
14110
18094
35471
39082
14932
37332
21535
39754
29211
30599
20324
38280
33111
19023
38214
15168
17744
21801
13110
39767
12651
39012
28783
35478
31423
20517
18489
20589
30197
23361
27880
16903
30538
22780
39664
25450
38234
13110
14019
22943
30724
25017
34006
26227
37665
23540
28264
11471
19216
39480
22379
37817
13964
34738
28425
31974
39423
22139
27592
25562
14139
14765
13628
35076
25507
22878
11285
12092
16303
20040
17291
20660
36511
18968
15667
24865
18202
38064
37819
10229
17829
39950
38727
26704
38019
31760
27104
39605
14367
18696
31291
38451
16208
11067
26919
10121
30416
31652
12982
19242
23254
21620
22860
22523
33888
13414
11106
12247
25725
17054
29686
32341
32753
30583
24420
22655
27657
24472
12924
28909
22608
36540
39456
34307
19345
10540
21880
32126
20585
17848
39528
19845
30016
24359
13767
32182
16485
37855
26355
19967
16425
21840
14846
22686
20941
39267
31842
38031
10095
22091
25118
11040
13641
12858
39793
24983
16996
29639
11722
38768
39287
37629
30728
26218
29223
35975
25757
15616
12392
17303
19790
17947
14573
12481
26994
30572
14350
14042
18682
21345
39241
30483
30056
18892
18250
27893
39996
30107
26340
25000
38806
18845
16369
33754
12292
29003
12209
38396
19051
18326
28603
14785
30728
27447
14859
11311
20410
21996
32188
37056
32607
25702
17483
11607
25160
31893
28422
28584
32830
21474
31225
12657
36653
20774
25865
35336
20006
27370
34337
31048
34636
30526
11582
24415
27638
25647
11556
36011
35255
29385
27977
39221
29378
26461
15598
21842
33900
23979
25109
39556
36235
36544
14635
13042
16444
36985
36195
16057
29378
39542
37410
30871
35260
30128
27080
30589
16275
26603
13232
11770
35897
34681
14509
25455
38967
29493
38191
19979
10143
34492
11290
38981
27676
21910
15643
39162
15557
20087
26606
21483
35251
18951
27261
20063
36625
13607
27076
20333
30435
32070
32120
15034
23125
17805
36917
26165
29671
31621
16454
15198
32315
38551
37735
23612
34481
11065
26838
32267
38058
36094
24655
10967
25056
13834
15716
12805
20185
39934
16611
37254
10589
20282
34777
26485
25223
35430
26624
21295
25613
20887
23129
37630
30970
28220
38946
31737
38390
18419
18278
10483
33176
23976
11355
38989
26308
37462
20895
14112
39271
29918
36014
38956
23850
12745
16990
20282
13283
15261
22226
24831
33026
13219
30996
37403
38465
20519
39312
39839
18374
32687
14829
32418
17246
22678
37616
29864
14523
25718
39625
24331
31109
34364
14305
10124
15569
13296
27109
23259
16669
27915
39958
23888
39063
33841
30884
21162
34199
17105
17055
35511
10743
19302
25460
12625
26600
25425
39491
36085
15549
39832
37935
26171
19046
14626
33083
30220
37184
35038
38626
10049
23504
31238
15317
10995
24420
30592
19400
13507
17298
38782
12599
26727
17793
14522
35932
37441
36727
17736
27197
28444
17360
39754
23621
10624
26958
38413
32072
11516
23578
20933
24378
27367
36774
26060
29797
39129
27713
17097
22619
38399
22234
27298
29205
30764
19251
17802
13204
28437
39229
24064
32473
31218
35537
34062
31047
12568
20556
38291
38076
15814
11762
35596
18985
33109
16502
10816
15236
39875
10741
14045
34506
22212
26164
37004
15067
24314
33865
17822
31777
36550
21818
35661
28473
16938
19937
20580
39238
19628
27288
34709
24812
26626
11820
28882
10439
23858
39367
22013
33974
20191
37683
17936
35666
16926
16312
34297
23095
33613
15139
35483
16000
30613
20636
28034
11073
36782
13114
37901
21017
30819
22070
29410
28228
12065
23782
10746
35585
37466
16186
26703
23388
11815
36453
14857
34162
10203
31867
23579
20250
25301
20073
37512
17769
36346
22120
13887
26039
36675
11440
30175
12012
20091
16518
28799
33496
13149
12763
30275
16282
16756
31643
23392
20768
21523
10050
12346
17308
36134
36094
24457
16476
37452
33247
39973
17558
23549
18331
37684
32306
27770
13504
26277
36101
17953
10496
22616
33189
13983
32412
24728
30581
31874
37843
27182
39368
32360
20089
25783
34143
35434
23590
16015
29384
26560
26317
27775
25276
26604
26698
11149
26990
11385
32577
25388
20782
23299
17156
15476
13824
14438
39119
28554
15743
16340
11168
30684
22862
25082
21731
32021
13570
19605
37918
18507
16939
26614
14902
19447
23717
23383
16225
25522
14018
13737
26723
26973
39535
39982
23947
35036
15912
22986
15127
18451
30391
38974
17850
31684
11386
19514
31245
27148
28903
33770
39683
28343
28372
32470
33543
27734
21869
14557
29857
23299
10901
20922
33932
26257
21028
38828
29119
35591
18335
28604
11925
22331
39835
26278
15355
19768
23840
21813
36450
17134
13646
10313
25456
33822
24094
38061
32960
33165
33048
34943
11624
17914
38779
15256
14405
26194
22667
37867
11454
36245
29412
31242
26861
31960
34782
30554
28037
35937
19438
30965
21673
28196
17627
35076
25516
24032
21349
36838
23610
25272
36599
26549
18335
21450
15013
34555
27818
39383
31864
29147
34366
36062
34229
21666
30091
30430
16310
34678
10897
30899
16472
24326
21102
11572
35556
18946
17331
20220
31508
30836
26723
30122
15425
27623
33192
13504
13863
17397
18598
18485
27790
35446
37359
21200
15624
38319
13450
26069
23385
28936
25512
28986
11559
37179
35515
15057
10795
23601
23667
22532
20565
18674
20896
13449
31768
22031
13067
15967
19929
27286
18592
10746
37787
12899
38449
16268
11652
30542
19269
36252
32773
34430
16537
39257
12264
39293
19295
29862
39608
29960
21309
26613
14608
17108
25714
18405
32955
13820
34670
14042
30062
26101
15449
25474
14059
38783
26098
15671
27520
19449
38480
37257
32887
32380
12582
20252
19148
34984
16860
26387
33750
10528
19437
39656
35699
33285
21237
37010
37221
30014
13456
18992
29819
20075
22751
25721
19104
34510
38749
33175
35173
32323
15254
15980
33198
12293
22491
10701
12067
20277
17247
18609
18281
20399
15605
30524
19027
36177
30849
37679
28077
29812
27114
28172
35646
17204
39283
13559
33712
39745
12773
34677
26391
30681
28290
38759
17115
11490
11241
25039
18658
21290
20312
30908
35125
37790
20719
31378
17698
13585
22822
18354
21984
34754
14678
20513
16616
26257
31117
15779
33738
10654
23070
34093
10884
35409
12361
25176
35912
33698
23829
13883
28516
31545
17251
35765
12365
17802
16683
16772
30109
27626
16078
24230
13048
28960
26928
14441
13846
21450
34452
27643
25992
26475
21456
35497
33747
34366
34634
22326
26897
11031
35720
17058
10751
31680
25464
37092
16824
36189
37095
10948
38698
39566
32510
34848
39997
25470
11060
34731
29032
18784
34767
29007
18647
37601
39989
11387
19921
23818
28635
11194
34834
39408
24202
14688
35236
38267
28036
20126
35400
27017
18580
22183
16223
14854
15079
27536
34408
17845
20133
36989
20787
10563
11458
17283
34926
19775
29163
22825
39479
35442
25778
38994
19747
19038
13289
31337
20703
33934
23867
30534
28100
36978
38541
14166
24008
23163
29385
21621
38654
17022
18151
25211
28993
17166
26773
14370
21093
32744
15850
34206
21685
37887
32916
22700
23991
33123
23368
37727
18592
12267
27407
32948
28910
38970
24532
26579
32162
18639
18258
11214
23053
31812
34015
14558
25633
22303
11981
29588
10920
22314
36579
18679
16214
38763
11456
33069
38713
37380
28490
25639
26097
23633
29593
29200
33661
27759
27088
26544
27029
21941
27554
20845
37438
25766
20619
27221
28321
19572
18314
10805
17830
26622
12769
18296
29259
14759
14683
11778
28953
32813
14043
13840
17926
38938
19082
23108
14870
24146
35976
22638
14823
34591
12231
34657
18999
35362
29526
38673
11654
11988
39993
38975
38585
11554
34008
34416
34605
28545
30695
28170
37396
15845
24385
28096
19353
30451
12220
36655
36994
35343
22180
29314
33761
26550
17039
24493
31980
14086
15277
17111
12103
34396
12937
10393
27061
28043
13946
21981
19080
29442
15965
13499
25612
10216
24096
25057
32507
37931
19128
26033
37239
21219
39785
21558
12170
21723
11026
37883
30913
37387
11853
29960
14280
28397
37491
38489
31394
38899
25901
18624
33655
22515
32977
35139
18947
23666
14901
10692
11770
25762
36522
38536
26899
35802
20456
38740
28437
21352
36356
37417
25434
24469
21514
38208
38556
13987
25212
15821
19490
21597
36858
16305
10444
32675
12482
13457
30967
25250
18953
39751
12798
25386
29397
38143
20965
16516
21020
34378
36464
13341
15305
38332
19495
18123
33889
18925
11166
22644
34540
30162
34383
11678
35919
11715
17136
20737
24837
15937
34301
34411
13054
10320
38820
23503
29891
36491
13654
16500
19353
39032
23601
31026
21178
27859
21910
11163
30140
13661
10382
31159
27441
32874
39396
22306
18425
39889
24125
35536
17566
38146
28123
27359
39340
15062
34936
19059
17293
11005
37169
15583
38890
11411
23997
10404
15094
18416
26720
24736
22688
15607
26983
19708
10336
16899
13016
22579
31934
20036
38877
26129
37584
16507
37710
14548
35659
19175
33560
18671
31968
36638
19685
10989
33958
37021
36626
19777
33190
23943
20707
28453
19988
20351
22741
19923
12933
35663
34070
28801
35642
20472
29116
28670
12483
22736
39069
22775
17977
13044
35369
37084
24555
10802
11448
18635
32233
26091
32207
32309
16866
13415
25972
37501
12837
34730
14241
32645
14054
10596
26150
27948
19875
13018
13519
39857
15495
19280
37893
23183
15696
37310
37259
27223
11165
13121
15846
20401
13670
23590
36250
11487
30478
29949
15171
31349
10582
15026
32933
30343
13278
25207
34374
23240
38580
13118
23844
39079
39869
20740
10960
34670
26839
27307
27209
37784
34368
27185
35502
35175
22132
36752
37316
28101
18659
38744
29681
32932
19271
32819
15817
21817
24874
30628
30679
29608
15664
37150
25119
19709
21042
28861
14583
24664
18197
24904
24924
26856
37564
11616
35863
27356
32971
31281
16086
20008
24864
20477
12546
33315
35351
39701
17552
35440
29422
33474
38910
25953
26128
24013
36078
27127
30725
31540
37645
18980
38908
32690
30147
30501
13542
18927
16090
26136
22755
29164
13798
14890
35808
29951
24187
22901
36222
29814
21880
13292
38926
38816
26385
36676
19011
34258
13488
28955
36062
11822
28347
20001
21156
25211
29146
17595
35010
30999
17971
30527
29298
18014
15228
31184
11338
30480
33040
22716
35694
28570
20950
12011
10074
11846
38410
25519
34957
31225
37062
12604
29236
35130
25362
15833
21660
28888
36655
23453
24275
34357
24882
35116
39441
13620
36104
13209
39025
15084
11161
27420
35012
33801
38676
23785
35102
11676
13829
37947
33949
39676
21133
17089
13213
31702
15092
37500
19157
10739
16644
31532
27897
21284
15038
32703
24788
25656
10431
21123
29082
13044
32514
19893
34268
39913
27776
37010
35534
16009
29798
33854
34674
13415
20004
11657
19157
33575
22966
11427
15879
31947
27682
34733
36101
32318
27773
26677
11277
19318
15708
22122
29774
39608
15328
13622
15681
20311
18474
34162
25777
34661
26810
39841
17235
25486
11252
29634
30356
24674
22986
31160
10432
31073
17090
10072
34322
14152
22577
23821
26599
10735
18330
30296
11953
12091
14630
27643
31340
12697
11240
39146
23596
15673
37584
10725
19133
31578
39862
31590
15199
27392
30324
16820
35825
19019
15558
16056
26624
30869
21519
39437
16656
25143
10991
21925
24804
24028
13753
15802
15351
19542
22532
37320
35072
21666
15818
28801
22550
32505
21064
25874
29683
12852
19365
35272
35706
37885
34189
34424
23798
21385
38429
35441
20770
37305
31534
13193
32678
10912
32436
39676
22917
28651
11237
13761
17261
13008
20911
24816
16309
31913
22825
38786
26566
29035
36844
13690
13227
38911
33288
26790
15613
12292
12120
19455
39917
32501
32950
22764
17329
21419
21295
17501
21293
11912
12950
13045
12836
29610
16512
23258
17303
17997
15699
12753
19981
16191
15875
14899
29386
34685
29237
30957
30411
26271
28668
22709
21191
11572
11494
34963
18143
37576
11001
24921
27937
15112
19387
15604
37726
20615
32256
16694
20909
18684
39778
30162
32481
16394
37906
34438
24225
14100
24737
32840
13711
37350
12100
22670
25127
11777
21753
39450
31055
12900
35779
26291
37710
10785
11003
36180
37246
13351
33969
23126
23074
12804
14023
29547
15802
16367
23062
36894
26179
31676
10164
16518
34640
34370
39612
29419
30801
24288
15259
17677
20947
17610
30881
30631
11022
19051
34924
14684
24859
22364
31105
25245
28657
13255
17814
29619
36273
25156
29819
13135
30111
35065
17742
38891
38592
26091
36884
35395
23334
31723
37042
26131
24589
19548
30159
24814
27665
21630
12759
36601
25299
10070
27726
17122
13534
13353
17276
36164
27946
23516
26041
37684
38715
28666
16961
21236
10683
39255
30867
24386
21811
27510
22387
24400
38663
30113
26875
12717
36939
12583
30027
37422
24016
10182
12470
11432
38812
10658
21051
15962
17146
31220
32101
34187
39793
12330
25262
39051
16560
35055
17100
32934
23587
18216
38669
13782
30086
30954
15612
33439
15872
38737
30483
13469
34839
25172
12887
30936
26775
36778
22594
37799
34592
14703
31055
32696
20413
13178
11841
14379
37583
13315
21170
14934
35598
24395
19204
27232
23506
30456
33091
11248
23434
33728
11260
18431
16727
37538
12601
21606
24466
18955
13590
17958
10555
39737
11405
28061
32612
13222
38947
31429
23886
17376
14221
37769
36588
15638
39728
15301
14084
36559
32508
11796
15581
20828
36663
35321
35082
33259
38122
14232
27154
28687
30715
37777
39002
33004
27955
15743
14449
38690
15710
38571
10298
19855
36732
19940
18442
22505
33409
17575
20800
39156
21106
36526
22261
30354
15716
13442
20684
11169
38239
38703
10414
34563
10725
26779
14871
11569
31081
24351
27242
12863
14698
17865
25411
10533
15412
34134
13934
34576
14720
14540
13076
26226
36335
11971
39088
39079
35710
16995
16938
32460
13028
26376
11661
17811
14394
32989
20472
23639
15337
37517
20057
20274
12633
14506
33712
11311
36195
29331
35692
24990
36139
32041
27501
36652
19860
10237
20523
35166
28785
19523
16939
19896
34015
18256
20371
30677
19269
30144
25961
24753
23297
28352
18899
28391
20983
21759
12157
22132
28729
38818
10159
21454
31326
33197
34163
31909
11223
17654
18158
13784
33667
37467
20216
13105
29696
36623
12186
32547
29643
10550