38174
26836
10809
21361
21279
18688
32029
25179
22895
32986
34440
15521
26308
20758
20990
10089
21944
24385
10437
15914
19737
15269
30600
17592
34523
38968
19634
13604
24541
29836
16922
38406
37383
31574
28838
25743
34414
24121
17402
27673
35635
39339
36387
14849
37478
38993
16797
30799
38722
22470
35926
11357
28670
31175
34017
30553
20321
35736
27338
18038
12473
13080
36803
15158
36315
22104
10904
14593
11922
18266
34423
32597
18512
13925
37303
24065
13646
35810
31859
21131
12881
25010
33046
25024
17268
16348
34509
15748
15397
31074
30047
33406
39026
37242
11486
11986
31039
35491
34793
38165
25783
26686
23905
28064
17401
22959
32843
34746
23306
21027
37250
36205
33241
30132
16396
35742
27938
12548
11663
18419
32716
22059
14503
23276
30467
24407
25691
34469
22787
12396
34449
39805
19728
18429
24133
35283
35745
32479
26777
16667
12492
34799
28710
22819
39239
14983
16364
26421
34786
11894
15208
27089
21645
16609
34235
23478
11690
21101
30298
33733
12648
37478
33553
37555
24797
30960
34062
24318
32764
24252
34915
22023
24852
32221
18325
15107
32231
21394
36475
18908
22297
36604
18479
12003
33115
29662
39308
14322
10206
29693
18822
30541
35619
17704
38763
20087
30788
25706
26495
11396
21865
37833
28453
29974
20269
15116
22076
15461
20254
11281
14258
34288
17113
10538
30332
12370
12108
38418
33735
31799
18848
21565
11220
29297
34831
38643
37336
31525
28754
32621
23703
10049
20810
23515
37275
38593
24672
18705
28649
19604
25178
19877
36920
32902
38203
26088
33011
37300
16788
32490
18446
25575
21636
10710
22569
32501
33676
24123
28406
39642
15523
24010
17744
30139
39316
18265
22324
22733
28545
13292
15568
29745
35454
37161
38652
20140
14355
18331
15087
36212
38042
30875
36024
17546
13742
19489
39021
24661
21863
10617
15655
36034
20395
34034
20659
27029
36533
15570
14906
13196
26879
34333
39398
18717
25813
13897
26286
27962
13539
35074
27159
13943
22378
18115
32905
34423
27382
10298
11999
10811
31035
31168
28943
31397
27205
17922
37868
39546
29402
23331
14983
28038
27400
26501
20843
27276
25577
29899
35876
38223
13461
15901
19852
28497
29489
23963
36461
15202
28892
34571
31366
24744
15433
11110
11246
36086
29911
39810
12198
22107
15383
31649
16501
27030
31620
20097
33416
16212
11247
12996
15400
14962
21253
32571
10130
18567
15697
10123
32523
36962
15885
18027
24283
33467
15790
28299
15345
38935
17924
39979
28699
21415
24650
13218
22357
11027
14689
10746
19195
36133
27202
22808
10154
37720
14623
31159
20084
25761
35628
38342
33392
33910
27888
22568
34080
24971
38198
37966
29419
37705
27374
11617
21180
39525
17348
17803
14721
20494
36030
24962
24459
36138
21445
17810
16043
23901
32027
17211
20672
28757
13261
20107
30053
14443
20073
14379
15786
26726
10057
24738
18742
33393
16101
27220
33301
26409
34261
37802
26392
30114
11806
26975
33953
33262
11194
19116
13586
37456
23306
36808
36427
27445
37713
26461
35684
39656
30640
27244
27833
19307
38581
24224
36768
19264
21082
28508
15598
30621
12589
19494
15578
21553
25111
11167
32806
11621
25869
37737
19504
28346
36139
30351
21023
21856
13612
26970
22515
10021
23470
16938
31757
36858
38580
27714
25062
34927
37243
19137
34064
35737
29339
32103
28861
33234
38224
19760
12853
34140
37710
23338
15477
37057
27959
38902
37800
23140
35700
18764
14303
19966
37846
20814
39563
10653
29970
32797
37852
13669
33228
32607
12537
25830
29920
26112
29791
18180
28579
30695
12894
29709
27883
30953
21540
29366
26272
22773
19689
28065
11873
25386
17329
27832
26948
12481
36111
22885
23004
27581
25161
16431
27354
20734
25003
39763
35272
25415
19985
13618
15078
22111
18522
15670
24709
35441
29448
30587
15909
13869
28655
11514
16320
23992
12113
26370
11640
25019
39290
12580
22755
11239
27907
35746
26151
15251
10789
36930
16810
10633
28408
17556
17131
34177
37681
10280
37814
15410
12701
15160
31889
10496
10324
13990
15136
33311
31223
29179
26072
14582
29317
35555
24317
14375
31490
21091
38298
15792
35321
29047
13439
27432
18242
38115
32742
28797
30827
37832
18346
10289
37015
32383
21711
17424
11740
23976
20973
27923
33778
24241
12767
39933
38609
31457
25931
30505
30148
27224
21611
34417
27503
38651
18209
15379
36223
31663
32048
29747
28421
25806
29637
10274
13898
39757
15840
16049
16396
18741
27157
32269
34930
26887
27840
10958
12455
32048
30799
25537
36676
13708
14173
10696
13719
15288
39501
18942
32775
30703
26056
18738
21540
13916
36994
36431
29626
10344
10839
35706
11501
19712
29304
27223
37854
34086
16448
21911
30249
19724
31521
32433
20333
25885
39972
14569
23269
12744
38031
25731
38498
14159
24235
23949
23062
19217
18063
36286
13794
32477
32124
11091
34751
14033
16753
13439
33388
17531
31447
25988
30731
25235
22685
25010
35300
14963
34453
28411
11610
15825
38966
16601
27298
24343
12112
19507
26070
32898
31421
36317
25465
10090
28851
38152
24686
32717
18315
10152
13330
37935
29273
21922
30860
22348
24771
15520
29401
32918
13210
22360
31828
11273
33132
32001
32306
11134
20961
21501
36946
30379
26967
14110
11798
16266
32664
10993
13197
10790
24838
16718
16611
12257
11726
19681
17965
31201
18260
20554
15870
16807
34026
27727
16134
33213
16891
18586
13836
31280
15932
35557
13505
25543
23702
38467
23925
14466
37276
27040
34893
12529
32637
19252
22086
27256
24478
39318
38893
22475
39216
31979
33216
38301
32497
37022
27215
14176
21160
16766
24029
21751
32426
28837
23379
29147
31520
37873
25851
23491
35269
14602
38613
13405
28567
31064
23236
31850
18981
16466
13471
18534
28975
22967
27202
21955
38582
24054
12530
17748
21875
19953
22332
37163
33824
31014
38699
34750
39544
15478
11312
17695
33462
19171
17425
33384
12687
36151
18868
10787
15186
32152
30858
31454
12734
22507
11994
33492
18949
35101
29445
39750
10381
22222
12826
26649
28031
26959
35217
35529
33707
39613
12091
31742
30801
16421
10979
10826
10675
31501
23287
39541
39481
15483
10229
21741
20493
16002
31122
29423
12108
36764
37771
24901
18911
19940
30217
16254
26184
16638
14328
14587
33853
33398
35516
33204
32589
18120
17016
10510
19451
13867
33750
39310
34107
24449
28363
21988
30872
36410
14225
12519
32689
32553
14976
21491
21777
11410
16249
24413
30213
38943
30580
12085
16699
35895
39076
36627
22464
25423
15121
32498
20004
38392
35896
20652
11436
35886
24945
36529
10136
24550
37299
23419
23342
30656
16908
10433
24467
10496
22930
37892
36401
22560
20193
11429
16908
16003
19463
20505
29263
28484
33629
29200
12228
10685
24687
25369
27230
24990
13074
38131
34647
23488
17460
16084
32748
25387
35709
24169
20862
36822
30491
25272
39290
16462
25552
36163
25616
37239
24471
31452
25350
25237
10659
21843
21098
30007
21547
35687
25352
15313
15449
23588
30773
20710
15268
27493
18179
31149
27824
10337
21919
37692
32544
18893
31272
13517
17258
33738
33954
23459
34378
25403
13862
38421
34476
30077
21614
11516
27834
22651
27568
19770
32291
13198
37634
37238
27781
39709
37681
23913
15600
36165
26256
24232
16636
37285
17133
27542
36686
30035
22108
29956
16679
24607
22684
24651
16823
35598
12200
19801
16560
34715
38451
30561
36955
35271
24619
21410
30156
37024
26502
10545
18510
36078
23651
34684
21121
26110
33905
30717
22231
37230
26132
20495
13951
24379
29168
24919
19273
21888
36354
10413
14427
23712
38218
12450
10022
39813
32381
34529
16600
19181
28768
24234
37118
36263
19519
23411
17267
27359
32537
33666
12344
21573
39363
37014
34371
37586
14072
11116
20733
10200
38591
32166
39514
24627
25097
11230
38893
28721
32079
28918
37089
31987
15250
32574
27614
15054
39934
39674
15314
20150
23288
26038
32603
13506
24905
15257
24119
10362
15552
39631
38189
37687
23267
32195
34974
25901
34466
38694
36578
35163
10760
11951
11805
38542
29261
15256
12099
10605
27401
24825
35747
17559
34939
37975
38234
25128
12603
16918
36176
28062
24328
13135
22558
31747
20856
31899
23160
29223
38781
17237
30444
35529
29828
31378
34257
39330
30871
20630
28510
28901
23575
28032
37311
37629
15277
34829
18796
27310
13490
34600
37857
37421
35895
35060
33560
35814
18746
14955
21494
18732
10065
11025
14332
29882
17515
24849
11252
13924
28445
38547
13176
33301
39976
26634
32864
27614
29224
34978
15538
20899
28345
14037
22056
13878
35647
11332
10130
34844
11154
11365
28287
31011
37700
28332
38394
32002
35836
36440
18051
27554
35923
24401
18429
38313
27554
14108
32698
13565
36855
14274
14659
13280
36314
10663
24221
23490
35821
37533
28111
11072
16308
24744
32243
15303
28811
19145
21095
25950
14229
11252
18571
15759
27526
16419
15485
16614
36134
19571
26504
29613
34611
38180
15881
17311
18142
12376
24578
18211
22197
24342
39621
23719
20324
15688
17657
15331
36817
30754
20804
26097
34861
15659
20094
36427
15390
15635
19098
12935
23637
37433
11943
19160
15472
18196
27468
28622
22089
37195
13841
27895
16346
16239
10971
11175
31603
26746
10507
39689
14662
21073
10852
13460
13336
30993
24378
11898
32238
36281
24441
18947
29163
16510
39660
29174
36287
36016
30404
16792
35975
11219
23588
35496
23503
37665
27638
10029
24387
15879
11084
13754
26419
18435
37271
13144
34953
12103
35133
30950
20213
33744
13642
35601
34203
21631
30562
19191
39276
23297
32785
21438
15849
17751
16442
10457
32332
21229
33379
16360
35371
26400
13843
39351
33534
11248
34213
38688
27554
16491
37323
25744
10628
10161
21303
38812
13281
20498
22902
21083
25144
39558
24029
38623
35755
25373
39888
38517
23572
12171
32170
37472
18672
31803
14506
24678
11130
14576
20401
21252
22922
20433
32635
36196
12371
15161
13594
17191
37574
29117
34476
16463
15373
26967
33998
13549
25516
26894
29321
38698
14154
30734
17768
35732
21174
24637
12627
34045
14210
17369
35933
19869
29038
11071
21504
39821
15651
25070
19204
37829
30247
23025
27130
38508
29062
22851
31832
21368
19330
33008
27994
17055
23909
35502
38848
29247
31834
27687
38732
34722
22885
17391
23009
14562
15317
14831
14995
13690
19380
20804
24803
17032
30440
36011
20653
11052
27068
14133
26049
14750
32594
14630
35143
12894
22116
24670
36048
28092
27996
28063
15926
33947
26593
13878
25446
10286
30475
11383
25108
27343
24909
28427
22547
27805
13233
14653
35905
25959
17479
36805
23638
21014
35577
15449
15599
34179
19862
17972
35149
12843
21575
36936
35708
21895
16294
35464
12661
14786
28760
35100
17918
22620
14887
20854
39782
13543
28274
13585
27190
17638
36907
32888
34955
32945
16516
34687
39069
19389
33732
22904
33078
35691
11591
18104
37128
10768
27635
25297
30230
36517
16671
10580
32102
16665
26754
34720
12191
32725
18355
15539
19235
36566
24183
36111
24412
26529
12823
10187
28170
16191
23502
32868
34762
30440
34084
14088
30292
19069
26914
20496
28840
33229
17856
34972
27370
36624
19760
21132
26121
39160
36710
35408
24994
16907
21039
31413
14959
39258
30849
22776
33310
11226
35888
20052
12098
23885
22905
12499
35233
32205
21109
19248
29234
14647
20816
39248
25216
10844
37943
29670
11817
23528
18528
14307
16007
18917
19422
22613
26558
29143
37632
31998
19667
37144
12594
19030
35518
15224
29766
24947
14811
36071
36481
25085
36170
27037
24767
32269
32189
34664
25852
23166
23983
24920
11190
16567
18162
14034
37470
11585
18469
23546
26756
31708
34873
32078
25144
16096
30568
16177
24236
22841
11467
28032
26436
16298
21057
13280
35677
29786
36136
35132
34424
32813
13431
33489
39054
39928
15923
28306
20070
12316
22938
24544
21692
10707
13394
39832
34618
11705
30883
37384
21337
24904
16963
32363
11211
32517
11275
15714
29890
25403
32521
20629
36995
15841
31418
27749
39441
36463
13023
21681
20063
30203
12387
23399
17430
30007
14872
34969
13164
29103
28954
34352
38710
22205
20269
18951
21284
15838
10209
26180
14344
37692
39648
23124
37667
22897
24033
11946
13030
20501
12810
25268
32596
38412
37126
21823
18594
15481
23035
39092
37505
10527
13178
11858
24535
12498
12562
16354
15373
10318
38657
27382
19395
22671
28249
20155
16264
34054
13031
14430
18856
27404
33610
12343
31416
19859
38105
16996
16809
13795
20490
33738
12470
18674
35840
22599
29989
23298
28080
38801
37498
38414
39381
30894
32980
17346
15800
26025
15895
36982
14707
14800
27440
24875
14124
24401
18282
10003
27732
14522
31592
10482
25461
12262
28920
20776
17356
14738
20245
23063
35010
17727
38826
19725
27458
11012
13131
34075
34130
39622
32616
26805
23596
30408
39624
35662
35720
19687
37460
29085
23944
14752
21083
11444
37120
16988
18703
33841
20334
26269
37777
25226
20881
22830
35398
32650
19984
18708
15739
17837
26039
12393
39014
29356
36482
27182
34049
23797
29137
35164
17045
16466
10920
22250
24828
39060
23105
35679
27349
26173
10232
37614
31833
31687
36836
20740
20601
36484
28570
30035
14386
34817
23710
10149
21194
20822
10628
22280
17712
33927
19847
23795
25151
33630
14741
22951
14023
30294
33580
16851
28293
22753
28589
32537
15126
24914
34993
16328
34095
39937
28208
27260
12744
13377
39850
29551
39669
16469
37072
34450
21700
21354
17954
38613
23392
27242
12685
32145
21498
12876
24542
11739
23000
27033
13393
26545
11489
14806
15575
18844
14619
34301
32161
14323
24228
15187
29909
31974
38053
37968
28171
24843
16650
19761
18291
27833
26107
36366
31287
27085
18565
24895
12067
22180
28915
32845
35584
18294
13566
21152
20547
37527
35996
25603
11402
11321
18786
18465
14733
29423
35949
28189
33513
39719
39251
16562
12843
27684
20494
17907
38174
32239
10651
39574
37666
19765
22958
35429
21871
10075
15226
28449
14060
11252
16377
31337
20208
22369
17426
26536
34908
27410
26147
17557
17229
24617
25483
25681
22969
10994
28610
30581
30890
39737
36896
32715
35165
25546
19615
23595
25485
33857
38349
28243
35099
35917
22681
13411
34266
10161
38718
29139
21923
32482
27342
19234
11209
22222
18213
37631
34931
15201
39007
30716
32776
20276
18388
13695
34092
25142
18050
27878
36304
35897
22815
19907
19581
18547
27297
26265
16166
15263
14934
31203
14896
26710
39949
24742
23179
13508
23644
13104
26538
11101
12290
26279
27995
14841
33407
25834
21172
34451
21332
27399
24992
35185
27547
31369
10665
17788
18720
10244
32739
15597
39755
13642
28222
29332
22846
11369
29454
39353
16235
11738
38623
10322
28911
18771
18708
18996
34665
19738
25312
32118
29850
30272
12512
32154
27457
31630
28707
17790
14641
33842
24007
27673
36913
23165
18932
12492
24383
29679
19587
34722
39820
10435
20169
25006
11923
33755
20288
26485
18642
39127
32084
32155
20988
36841
23273
32147
37187
35861
19185
22470
30419
39676
32561
35805
16888
15733
35703
30627
37100
37031
37343
16098
38557
26934
16500
39780
21760
22550
39821
30505
32382
18477
19551
22811
20309
37994
36303
35636
32501
31606
25366
21397
30907
29361
10983
17987
23203
15241
17069
24252
32693
16278
26627
37536
38837
33680
16317
12424
37207
29731
24006
34708
24787
32833
16944
17324
23266
36701
34354
23312
39862
13722
33636
14443
19078
10682
36373
12582
19800
15400
22003
18768
15878
36495
33707
24365
25920
16324
16629
14086
28062
35252
39565
36432
12624
27219
11715
19476
32220
26464
14840
13077
11081
17960
26393
13215
18451
13126
12905
37149
29444
12839
24851
24078
12040
10151
31746
11083
17789
29935
37310
38978
21672
34372
35612
16267
21812
35016
35079
33708
12982
14110
32712
28993
18899
37552
25775
14391
28232
25099
11677
26002
13877
24065
10409
15978
32425
17526
35236
12229
12986
18480
30447
33035
18257
20291
23976
36138
35344
10292
15359
12349
10390
19155
30987
32934
24394
21393
22742
23577
14066
30491
13502
33859
27413
11207
33674
25119
24440
11886
21317
16499
32368
33573
35628
29227
31259
25417
18096
33446
30473
12133
33330
28445
10908
28108
19516
21573
18847
16505
14399
21074
24863
23323
25679
16160
29556
35148
35553
15740
18989
22247
17762
28124
23934
21741
34321
25005
32805
38354
16063
31773
21281
16167
35421
33731
19052
11287
30384
32870
29952
26586
23582
24155
27459
23045
23297
13653
20699
16219
32488
10974
30400
35787
22491
39426
24549
16537
13442
37254
23102
25921
27678
38170
10901
30728
38018
35362
23194
18055
10821
20407
23559
17350
37012
16038
37759
29425
20933
23304
10961
30601
37883
35494
39101
23662
25218
26150
22664
39407
22691
32516
14850
16410
27512
21395
34997
37240
26648
11139
32719
21530
29939
15251
29873
21047
20310
35331
26048
31364
26502
15372
36698
16237
16720
11167
32836
15087
17321
13831
11767
14519
18795
33245
27178
29659
16135
21882
23389
37895
35491
19647
24088
33805
32494
19495
28947
33457
34493
38275
11470
39115
21339
39182
39433
32457
38619
12554
38590
13491
27924
19996
15611
38055
18994
27984
21831
29538
10112
16661
17688
24380
17131
26820
16015
22845
17714
38232
14688
13083
20702
35549
27587
28633
15913
35056
21340
18044
25207
17629
23109
31585
16383
17969
26723
10858
28819
35217
29054
25314
16379
12633
12549
37414
17560
11850
16235
27316
33611
26981
19969
16615
26150
37377
37165
10901
20523
24652
36892
20988
12799
22631
16431
22767
16109
15752
30390
33143
35046
26252
28726
38141
35677
38974
31140
18748
20920
31834
37214
33689
15069
24592
31569
32520
30558
29237
21783
10681
23421
39414
30620
15658
29670
16680
15512
36414
27695
28748
36156
12245
38960
35254
32785
20240
23657
25754
34022
21874
17623
19404
30382
11948
25505
36097
35493
12336
12752
32000
24139
22692
14526
33139
32930
13350
30171
14361
13276
10914
15466
12266
28426
11871
23436
12877
25468
19317
28748
19005
34173
10012
15913
12786
31072
31380
30423
24562
37170
15384
16967
21025
16984
25807
27101
35126
15123
22645
25746
34474
39318
31124
39924
37978
26396
19662
17141
18439
31087
17185
31710
32527
39560
38926
39927
32918
27940
38408
38699
21127
33008
28502
35781
30913
11168
37043
31413
24010
12149
32644
11755
33635
19681
12746
13499
13521
12691
29247
19099
36953
17737
25068
38232
33842
30630
21073
18646
32297
35577
24635
30154
35449
27863
28155
30605
23092
10729
35170
35812
26539
16354
14624
15227
19986
20359
18397
20342
26806
26454
26004
34155
25510
13608
38699
19261
22890
30443
27708
21789
23573
39356
17876
29709
12882
11030
14435
10016
17067
21191
24637
23923
24325
15109
24594
31557
13610
23440
37403
32655
16723
35076
36847
30523
17439
39890
36369
22045
35393
17558
23708
25653
10572
25307
16671
28181
22235
31930
21488
29059
35919
18713
29889
36054
22732
14521
38830
35303
36532
15003
25106
18929
17720
29264
33607
21674
36904
34834
34361
28095
33232
20139
11743
14088
31532
31799
11515
35760
19947
23743
24366
20904
35183
17904
39012
36220
22868
18259
12432
31578
21017
30535
33302
12798
29079
21205
24514
14904
34696
39251
23638
37686
19567
34540
13638
18208
15016
25220
24328
34184
29686
21269
11908
26112
39111
38829
39920
36626
10198
36626
39515
11522
26977
16903
23666
10223
17801
21637
39334
17266
17776
10672
35186
27795
36731
26373
16016
39985
38178
26708
25577
25558
13395
21111
24405
10511
14315
30101
28408
22690
19895
19518
22226
21690
24420
18978
15164
20634
17627
38101
16881
33764
21322
11817
12192
21433
31070
21929
26284
34627
21443
28365
31342
11888
36988
34330
24851
15559
22189
37367
22000
10763
16923
35540
36018
18702
28722
21645
16904
38864
36477
25898
15209
24612
15318
35692
16540
11424
14933
32110
28614
28232
10964
15701
30191
14059
20155
10957
16358
25756
32104
34205
15413
15229
30875
39421
29897
37503
10641
32655
22392
37085
31739
31367
31566
20285
26833
22287
29413
25181
31568
21156
33711
16291
39304
37066
35809
28755
11110
15599
13848
13409
32084
27256
23597
31405
12644
35699
39033
23973
13565
34033
18248
14516
35738
34650
27025
25028
30142
36307
33208
16455
28117
19947
25424
37996
24774
32362
36093
29284
11851
31811
26991
15495
19956
10597
19852
18646
33765
14346
38002
11512
32596
14317
22538
33524
25229
29965
30131
10504
18126
31798
20724
24512
14600
33344
38425
18759
22712
22228
13840
28004
13107
34948
17612
14530
22504
29895
35512
26835
29284
31722
14548
26029
32546
30069
20865
24932
15985
12200
13637
26709
19160
14390
32881
20604
11372
22480
18851
22008
13330
32092
10863
35426
30952
25893
30992
26100
23918
14605
25649
21386
37070
17359
31148
33927
18589
24264
24426
11820
27979
16405
14990
24991
19483
13650
24613
12693
34510
30258
25020
31048
32535
19090
31520
27196
37689
33259
12380
16574
18197
31080
38202
10170
14773
14770
31037
23705
11465
37033
15851
21952
32465
17703
24062
34241
16065
27266
25524
30322
30128
16928
39223
20929
34121
13388
20967
33201
32506
37133
10628
29239
15059
30537
39267
17126
25602
27521
38544
12201
30087
10088
28123
13027
26226
25097
39255
14499
35286
26476
11792
26638
39963
34651
38544
14974
39579
12733
17794
20785
24787
12492
34584
34485
17548
13530
38916
25972
15137
33326
16630
10088
37781
21987
23254
22818
22897
21183
35485
33354
23038
23574
28831
33870
27936
21034
18262
20939
30847
24328
16970
15584
22160
10774
14375
16362
26383
20754
31848
12871
32721
31224
21235
28613
39199
18350
30252
13071
12481
10234
22019
20247
22263
10084
22950
25675
22954
33766
11399
36153
18674
19411
11379
28239
11153
15997
14689
35127
36983
23133
25773
20963
37757
31327
37004
30495
28461
27777
29048
14670
24056
35292
12898
30690
11178
31244
19447
34285
17963
37510
19947
30767
35761
27673
31095
30346
10503
23649
15149
20732
16038
12922
14029
26913
18031
34677
14771
29427
37373
14022
23306
33143
25228
38705
26720
28179
12748
21456
10673
33014
25634
18438
25396
19586
18979
10946
35116
27678
27708
38401
16363
23672
33415
28760
37665
15206
29691
24745
22997
38066
25570
39020
18176
10132
39006
22929
14195
24017
26610
13712
11030
38103
35974
34311
33408
21143
38606
27384
33054
35054
30093
28461
31623
16876
39122
13214
10148
18366
32094
13962
37693
27608
23743
24043
11771
21846
28739
21901
15189
18165
19709
36051
37781
30282
16029
37438
10864
27931
33470
18538
26298
18049
35408
18525
34850
24946
33872
26769
33538
15924
38484
21459
19026
14290
34707
33278
35001
13193
30896
24892
39224
33710
26969
12641
37471
12496
38626
31591
27018
24524
17627
36145
25848
29426
22657
12334
30227
20330
14685
21940
11158
16874
20488
39625
27687
20134
39149
13758
30081
23358
20778
35020
21882
31164
21958
11576
17279
25996
10797
36054
13632
13191
11518
39716
37260
37272
32963
28993
27850
32522
33202
17566
15589
27488
33059
12450
15194
13202
16765
11926
17358
16926
14833
29551
10583
39009
24867
38788
17463
33175
32925
18055
37842
31666
13914
15294
14186
23184
38443
18839
20863
13520
24093
12065
16692
21419
25331
10064
17179
11787
29562
15043
18273
11229
24121
11957
27336
16838
30587
23670
35002
33512
12819
17338
16508
29099
22276
25873
38537
33873
30223
38733
21308
33674
23319
20016
38086
34862
20493
21295
20326
34915
12430
26581
35289
36553
30538
27323
35861
10583
36420
23750
37387
31226
36257
35921
17795
27400
35616
22420
21735
29467
28254
37137
30328
15440
31867
18485
33756
20941
13552
36940
38763
18521
15529
30627
35566
10305
10381
11110
16459
14042
27495
20795
36509
20739
35715
27730
11832
18912
27499
15677
17923
30106
34779
22494
13477
22221
13356
32574
29786
33906
10499
22038
34485
19210
31650
25522
15487
11981
31677
32688
21470
26873
33141
39799
20224
11380
34683
39552
23415
34561
10399
37245
19744
17848
26264
18295
13056
27106
24136
27200
19951
30102
31297
14241
34747
11282
18074
21162
32315
27633
25071
34277
27195
28429
35112
25650
28592
38275
29295
18369
29535
23016
24405
12930
13717
37020
10544
37567
15643
29856
11554
37593
32183
33791
30464
24377
31441
37334
25366
32360
30219
20376
23069
13027
30860
10398
10890
23384
29697
27884
10530
20290
24124
17485
10886
30166
20804
24713
16262
39055
37101
24458
27904
25157
15107
33376
17944
15619
38065
27042
34280
24985
31608
33606
11724
15880
20812
15855
19216
15143
12845
26144
33423
10347
13471
37714
13325
16847
13284
26603
14909
21943
16764
15249
30285
25730
35537
13490
39360
16779
29874
30382
38824
12673
27289
34432
12472
25344
36296
29561
31849
14235
22769
39152
33867
26544
24330
35539
17458
18151
16279
17502
17879
36003
23152
37585
25950
14651
22676
19331
23565
21413
14201
39769
31606
18061
33426
13523
37595
28725
18111
33830
14222
25376
34420
23358
28852
35994
30659
37143
27763
12051
28807
34278
28534
10397
12591
20769
20191
35364
12460
29539
34940
17271
38595
31698
10229
22044
33304
12476
27878
12299
22730
11704
15281
17432
14445
17776
32336
34610
34889
25504
36341
25957
14400
17421
32713
39487
25184
15658
21517
17009
21073
23789
30087
26612
24459
28682
24793
17486
14395
31989
10212
38191
16991
32637
16290
29235
23780
37486
34644
36476
25576
38883
12325
13006
28103
34488
14715
30811
39085
32690
21387
17745
16167
32557
21213
32741
10809
26128
35622
34215
32814
21818
24970
17465
38205
20787
20686
13059
32657
17878
11607
10519
10029
11172
21992
15139
19316
38337
13557
22794
16678
35287
18729
35885
28826
22043
38530