15309
31688
25257
29360
20357
24193
16753
21166
34206
32706
35128
33447
20707
11999
15091
25299
19704
20989
11136
37146
37648
20450
19967
30756
31182
20934
16997
17086
30172
33411
31554
30281
39190
32604
16990
38906
34672
23192
15783
22114
10480
38947
22075
14829
32118
35433
33177
33100
37565
20597
39133
36902
28259
33910
35993
24067
18846
38906
16042
26737
28806
11780
34578
19582
13670
30614
35003
30941
23186
33463
13708
24684
31899
16328
21128
12332
20619
20802
24373
28284
19012
13576
32341
31821
22567
39725
10564
35428
17674
36141
34023
29861
27406
27622
24989
13388
15872
37592
17791
33908
11821
30372
36824
17403
23582
36240
33001
34933
16064
14880
22018
29203
28690
35453
29371
35581
13765
11144
39705
38240
26841
21377
26706
27026
11590
17330
33902
19427
28353
12441
22493
13527
16655
17872
22868
34871
32009
16084
22536
29645
10237
39817
26646
38283
16967
32180
36553
28432
30014
29904
37006
20306
38028
38991
37089
21476
12024
25548
24663
30674
32816
35393
12517
23376
34976
10760
26667
19240
32100
29226
27692
10398
37040
25749
36785
18441
35628
13200
30823
17761
13675
17654
22849
10795
31512
34465
21405
10537
19508
31726
16278
16210
25298
31069
29062
13932
39348
12941
17750
27309
23040
22900
19172
18168
14939
13758
14597
16493
34454
25118
28263
36332
37037
36185
15777
38722
20105
19416
13618
32064
22370
17511
12172
38305
18205
33872
21270
25034
21183
33319
11649
16081
32718
18774
33940
16242
37847
10768
19559
11659
37183
11986
15853
21042
35463
35826
31289
21956
34578
28351
27664
27343
15151
11552
32872
19517
33104
39608
33195
24226
14356
19740
27456
14949
22977
34927
25620
13367
10138
27402
11257
33917
35158
11841
26386
39519
35115
37641
37929
23384
29679
39277
37767
39895
18214
12369
34791
14857
10384
37864
36118
33649
32734
26296
14369
34528
10932
27594
33159
13785
28910
16275
29658
34688
22298
14355
36040
31564
32187
15617
23672
18501
19119
35081
35467
16730
31844
37158
23986
12945
17754
15918
11048
15524
22952
15366
24363
23742
33599
32127
25778
16237
39997
30647
33779
30200
36375
18865
19016
22953
10936
14914
20539
33029
26237
25693
15549
28646
32773
35797
30945
24563
11207
39519
19046
20025
26411
33048
32858
16911
33033
11188
19296
38308
23593
13748
17912
35267
24022
37393
31624
23457
15985
12356
26778
32007
37052
39945
14399
16218
21176
37325
30777
28477
24971
19673
39363
37028
30538
19287
35598
14770
18569
38548
32561
38491
17161
24666
21244
10979
20921
34734
20095
24685
25055
22225
37214
38819
23942
13574
17528
31795
26917
14964
33654
22489
30143
13134
39712
13242
26634
19270
13695
38450
20431
26144
27218
36262
20808
25882
31961
38925
31928
11752
22615
29058
31374
14916
35834
12583
24531
19108
10088
16618
21393
29659
19539
11595
31374
31551
35533
11104
28952
21336
13219
20643
13608
30156
34179
20529
24447
39671
35985
19352
34595
26467
26202
15707
12779
25396
28924
17898
30497
16899
27546
37636
33408
10513
27971
28431
36710
20978
24234
39973
35762
39684
22403
38943
34988
39550
36837
25385
24293
28505
38127
25270
24792
15928
29104
16882
23572
25400
26611
39472
11520
15264
17348
21503
25982
18161
36537
31541
10580
23985
15299
13768
28588
12137
31442
22000
35733
27926
23636
10955
10704
38857
38118
37295
31877
29593
22933
34699
12331
29728
34153
14192
13525
27284
39643
37112
37700
28093
27245
20280
14961
34120
28766
31153
39446
33397
19010
26333
30496
21723
15270
36434
31859
36775
16534
23884
29231
20823
35142
29095
19690
29202
11788
21004
26943
11516
13712
38402
37484
26318
34219
39785
33550
25465
38865
30049
35300
32207
36322
10581
32858
32931
29933
21021
25839
13313
35934
13749
28848
35250
11342
15754
36868
12401
27562
13627
19907
30800
20607
14748
26016
12803
24709
38477
26949
36075
15957
30010
13124
36055
12552
35927
23524
19160
26005
13054
18000
18769
13583
33109
26126
32463
10501
16404
27771
13439
38098
23457
36041
12596
36630
13499
35527
24621
12493
38246
29128
29859
29435
22907
18047
16114
35561
22933
10006
29138
26526
17896
13573
33287
18871
24891
23661
37591
30879
17200
31513
32028
29108
24505
17491
39606
31930
29164
22358
38519
18191
30412
32941
26513
24500
31215
18345
31584
30513
19943
28584
27811
29623
23366
17676
30308
26956
39083
20735
10674
13024
35204
31819
17981
16036
12998
30514
24481
25948
34928
36002
35876
38881
10698
10484
39074
38581
27165
37992
30857
36065
36524
24959
27785
17796
31787
33024
21673
19273
32105
36985
28384
38641
21189
33051
34912
20941
13448
13941
24239
24672
36027
28784
18571
34122
18543
14044
13260
22428
35241
15387
20037
15219
19301
31660
24895
26958
35255
30772
14777
31619
39446
33661
33101
25746
39672
11135
22044
18160
21263
29184
11499
25383
31339
32837
17251
28341
33442
24389
39619
37409
36968
24790
10472
33465
18491
17081
35003
35323
32264
39973
24349
10272
35351
26097
37048
19445
12538
11899
18397
37936
11137
36693
23013
39440
25209
27784
25092
11171
23928
23728
20781
35635
13330
31783
37332
23508
35218
24140
17171
37917
33996
31894
27157
39006
13866
34962
25541
13166
19834
11321
19876
37837
30332
26273
21331
13768
12726
17433
17270
37168
22989
37917
14091
22143
13822
15239
35977
34872
29345
21495
21876
20664
14157
12486
24565
20738
12173
30434
14706
33445
20855
27252
21142
23988
39861
17132
28292
39174
32765
32128
26291
27329
10323
25529
11205
38587
37020
20191
16628
36157
20444
32101
12737
19737
21105
29148
21267
36024
16453
35777
34326
30671
24048
15280
32667
24089
31526
11091
36189
27520
18597
28817
35049
23889
11848
17905
26665
34114
31424
12059
14990
37553
16648
38006
35577
12365
38188
36267
11623
13459
38134
12389
10197
34958
21924
13540
18881
30764
37839
35250
27959
33712
16083
25359
10745
22642
18130
20647
12681
32468
38516
23135
17496
14451
36440
19243
39071
32474
36123
29588
34120
24379
12012
30530
17787
31984
16371
30550
15675
25385
30828
30202
23201
38470
21118
16556
29373
21656
15297
38101
25913
16527
25757
36831
14435
25464
26085
31344
28027
19093
33948
19674
31953
13325
16755
29259
18666
14431
38066
38940
24677
20481
15084
14609
10175
27582
12786
14002
18208
10147
12735
35442
17060
20328
38428
33994
25593
23518
19383