13062
32114
30082
35732
39258
15015
14252
13034
24025
12525
15140
24786
13838
20787
29321
28438
34353
28199
20690
39947
32909
22687
34910
17483
14464
34153
35319
26640
22703
10643
32350
21703
23407
28498
20908
34502
28451
38661
18357
21343
12820
27616
35755
28351
25104
17428
14264
33534
39169
31435
28275
10830
34102
32704
37759
29817
17083
14812
15831
19173
38669
12877
22243
37600
22305
11745
14169
39095
13548
30609
22587
11563
19910
16312
30610
18554
22731
35788
32179
25037
35892
19040
25464
31710
13340
24026
15385
17582
16493
11166
30337
19284
37506
31893
17828
31141
35974
25580
15125
13734
39297
22889
18173
39090
24250
17752
16746
34790
17603
12626
27486
37404
37739
26327
12935
36295
13639
38232
27150
26484
10653
25646
37679
33069
29909
15487
18831
14324
12842
30257
37216
13329
35899
29458
15509
15155
28645
19990
11753
21579
16952
20737
24514
13477
20236
18531
27328
12856
12072
11437
28767
12120
26810
11407
31773
36814
23415
29487
15271
22032
17854
26014
16559
27019
17808
15502
29404
10926
35551
34914
22410
15482
28970
36921
36081
38034
24238
10522
36897
23653
33543
15000
21275
38483
27887
14765
27591
12802
28127
26289
19935
23193
36591
14393
15808
13474
31233
10708
11929
25289
35303
20887
38069
20678
30945
37406
28888
13324
33738
22903
23166
16658
14128
23901
17412
11291
26995
18629
16534
36449
37438
33138
29739
10618
34266
31893
18333
12022
37253
12774
23473
38952
20337
18745
17551
37387
39484
23279
22425
19100
39946
12260
22358
10157
16847
26310
36177
20738
14821
29770
10024
38792
16445
37963
12094
38884
12103
10585
24106
13845
20812
23600
34335
38919
19822
18799
37242
21563
34814
39036
10576
19210
32545
25232
39964
12397
29671
23491
28642
11668
19678
11267
24476
33784
21028
24343
35479
33767
26378
13006
36482
13520
10146
20237
27061
34810
21522
21722
28371
13517
38546
35688
29717
39615
16757
26487
32734
14577
21822
24586
11856
20027
14519
28430
19473
26952
24044
21445
31210
10638
33564
21590
13992
35647
29206
31591
13951
13750
30445
14772
11674
14583
24660
15512
11766
32152
17427
30222
18689
25949
30092
36701
31052
35423
29367
14613
26637
14386
24578
10514
30522
13689
22130
11902
17791
32122
31796
39821
33547
12320
25933
20092
22703
18788
20463
20178
26114
16528
27497
37875
36404
24102
20006
34500
24498
39559
34168
37063
39837
24458
17634
16513
39698
30821
13291
31287
22679
13304
33832
38099
11504
20346
23725
24841
28864
23790
33863
16136
33855
30640
17251
11586
14012
34968
32504
32324
29397
25285
13856
11529
38060
22608
39681
11223
39154
23498
39181
20911
22591
38876
25543
12850
29748
15872
33331
38495
12350
27356
28461
23430
14878
33635
13008
12862
31554
30715
13548
10791
13596
32602
16993
12306
19576
15964
28267
29313
26820
19375
31191
21707
14564
10442
34493
10832
21982
25373
12191
39828
29640
22251
30261
39953
21797
30229
16733
14499
33978
26200
37253
29040
34351
11027
17231
11729
27623
33298
18395
34366
10489
16934
19392
17365
30064
10586
17298
28650
16914
10137
20114
31921
14624
29604
31168
22902
16827
35230
29006
11234
16894
28156
18662
34242
12708
29357
10407
39512
13362
28408
20828
14995
21272
14330
16607
32422
20994
36380
19131
11965
36994
18455
23816
35529
20317
20741
38053
33434
11662
25177
12633
37276
22834
35433
29199
33445
26357
18405
16145
17263
25923
27707
16365
25880
29518
25381
26237
21853
21816
13666
32686
26196
34092
39741
16480
16611
11806
31692
29748
20883
34007
17725
28143
22551
11860
13783
24438
32665
28136
17127
16805
10200
30178
25664
16740
10091
12192
13418
10644
33279
27453
15038
14607
36014
11080
35211
32009
12801
24191
24584
13186
34056
28348
30491
38730
32556
39175
39396
10321
26335
34116
13542
11291
25978
12328
22106
15955
23623
29663
14068
24588
37048
35723
25124
20023
33247
27570
24163
19293
13302
15425
16410
20591
29238
30691
27115
25050
23585
27856
35753
21552
38784
30360
38636
36452
12588
16062
14709
37134
18855
13652
10227
25434
37472
21530
20334
27563
21280
16657
20942
12222
24220
24288
31000
36736
30437
25201
36917
17702
14264
27002
33678
27783
17173
30076
23200
23164
28418
14154
35236
10947
13102
31855
27174
38951
18827
18841
11822
22116
14886
39498
29548
38790
30171
36958
29177
30559
31844
38850
18420
16181
21076
33186
10101
19734
35517
24799
27960
20686
33023
18112
18767
11212
21462
31904
21142
18958
17343
37176
12858
32074
21292
38791
13291
38034
33597
13466
24491
19336
17828
18529
22749
34432
12786
38726
30569
24115
18456
12067
26679
28749
19209
39862
10357
31186
16468
38031
39066
28503
11270
24418
33335
18724
37776
30117
33774
32123
31647
31350
28937
30660
33395
35863
34054
29329
10343
34088
35068
31766
26629
13751
39644
34270
22092
27705
19443
18087
12221
22350
19364
15437
12460
35887
31424
24797
19140
31744
32252
20563
22292
36230
15164
31425
36313
37950
35657
16371
34780
20632
23222
37134
20612
32435
32714
11247
26869
25726
30389
14391
15214
38099
39872
20852
30345
21323
12658
39319
17614
37213
17849
33966
11303
17830
27929
21915
36788
37343
26503
32217
12025
21984
25820
13155
39183
31920
30452
31925
18098
14392
17411
15939
32285
14673
35234
29386
28924
27340
29622
13461
38074
16694
17015
23637
33679
24371
18846
20433
21949
12015
25194
26392
33706
28641
12718
26720
37851
32147
21732
24319
19237
30274
25435
39907
15602
18830
37570
33830
28629
28419
10684
10902
34770
21820
39074
21104
16540
31679
12070
20254
35521
23354
25158
23978
26106
32176
38567
13555
30429
14600
27545
30272
30397
34335
14978
36990
10689
30505
29304
28636
10735
26981
32861
30374
26071
17996
34097
29099
14611
18611
28280
25294
33065
32912
31958
39598
37854
18422
31317
26706
28287
19342
13636
12314
20004
33682
14765
25479
32479
34151
22176
18444
39301
12212
36294
28502
11295
18198
19632
18750
19412
12793
32160
23330
23429
38888
29778
32983
19494
16214
37547
19045
23254
19136
34018
29675
24072
36406
30207
24517
30992
15597
23004
30452
16700
32430
17628
11331
21616
17634
20142
35864
12039
27919
20009
16817
36346
21472
34845
30757
19658
22890
33289
18077
18578
19434
34185
26416
37600
14452
16668
36631
30559
34663
38978
34428
13333
29712
23234
22005
30802
19793
12305
35872
25269
14573
26722
10338
18865
36660
22589
16096
35497
24581
29609
18851
21054
31915
14896
37523
18964
13639
37185
21002
19075
37391
17079
34694
37269
22684
29514
18052
16950
33833
16283
30501
32182
28889
29960
26608
28093
30705
26383
13549
17202
13956
30070
31732
30179
14082
11818
26880
18284
26021
29590
31060
37910
31055
28604
23450
32787
27310
11901
13881
14779
29938
29268
11595
29412
27997
37513
25586
13714
36158
33479
34715
13238
32878
16683
36029
11377
10487
12680
36417
14199
29462
22434
28482
34399
36168
31572
33131
32987
37694
21594
26902
28247
28454
23938
19938
28309
12984
35690
12301
34463
10199
34588
34279
35965
35225
22892
17944
17149
24516
34574
39084
27177
22986
20986
38841
30223
19864
26806
27398
30333
34963
30813
30470
28065
24155
15337
36218
38149
31389
10852
33647
32798
32732
23027
26545
22286
14427
30135
30716
31077
31716
19143
34530
38246
27582
37220
27946
10717
39489
19122
35397
31805
15397
15286
18860
34627
30243
22702
14182
32938
22291
22078
20479
29805
28130
13291
22347
18346
34192
22439
21873
27992
24808
23129
16341
32044
25142
16218
37616
10893
19826
18128
23062
18031
25847
39355
22695
24929
30541
32575
29675
18757
22714
32111
37511
10157
20858
26126
29540
15421
28058
37684
18111
27754
13548
25253
30340
23822
22910
39273
14857
33762
34973
14752
14809
36063
27671
34155
37558
11736
27404
23191
21916
38129
17887
13351
36148
32743
25221
22785
20843
10292
21247
17284
36870
24422
10864
34920
12976
38770
38216
38811
14600
23547
36912
22188
38169
18465
32169
39300
39337
30792
16683
13064
18221
36033
25291
33987
25515
27636
32936
32375
39921
17702
10028
39830
32851
11001
11340
19832
30462
30944
36556
27573
38283
30534
17231
39987
35630
33512
23384
32574
20712
21009
11132
18630
37661
31976
36508
12045
35978
25626
19299
21262
18885
16942
16280
21143
12288
26793
17056
32381
28255
35712
25202
37425
17665
13597
39990
23154
25565
12823
14538
27195
26656
39773
34107
36908
26922
23648
15692
27369
16653
29787
19031
26698
14564
16204
30881
31894
30793
20922
26803
37272
26974
23946
38049
24982
38123
30145
18366
34938
20882
16278
20897
27685
36126
14593
11470
37504
21542
28094
20787
38000
22705
25957
25191
31889
34471
19965
31505
23619
25191
30791
26015
29110
19837
29367
35350
26196
11181
36361
38578
23141
30466
39839
20595
16873
36884
38155
24287
21065
30922
24981
37827
23318
26349
25636
21922
33667
14539
12066
12784
25934
15677
23165
27783
20855
23821
33670
27816
26138
10505
16603
27325
28885
37217
28984
36084
35590
35319
29125
16453
34310
18234
14144
21856
11190
13585
26512
32869
15856
38978
11598
23393
29751
16413
14955
36732
17238
28362
35065
12588
25724
16217
32446
13579
22717
28150
18447
36631
12388
14006
10368
17186
23555
25873
16934
36002
39962
39605
30572
12957
38344
29647
38445
23739
33362
20665
16838
22779
27111
20310
12202
27197
22433
33587
27306
26030
27899
30058
32970
19374
10191
13316
26732
30516
30913
29790
11528
10230
14922
11429
23024
38946
37655
24555
17483
39801
34176
12734
29506
36716
38434
11612
28400
21157
19701
37200
20333
33626
10776
29909
10916
39362
12347
39011
37127
22765
13592
21673
12721
12408
27651
27781
25960
13679
34303
11496
10169
23109
10973
37773
33201
30535
17547
16462
21987
11851
38610
10676
28971
16062
28093
28331
38121
24119
17410
36928
38667
33036
22995
19671
18769
19176
24299
25952
36585
20911
29945
39673
37764
29537
18342
36257
17359
16121
10563
12303
15226
14071
31240
12050
17499
32598
23510
34625
18918
34519
34184
27494
37621
37390
35445
16788
27406
22443
33400
23017
29669
20471
14368
27922
30125
25614
31731
37935
36598
10238
11822
27397
30194
26989
34316
31403
20836
10409
29115
20807
22834
10021
34345
27362
28793
27195
18332
34707
24073
27847
33707
30087
34484
28158
18954
32634
14875
27308
23408
20382
36958
36935
32378
13053
23007
36372
38902
35662
37754
30647
10365
33064
36338
17890
14656
25937
31977
35349
12280
38201
29828
13112
15268
15584
13414
21339
12906
30089
24260
10193
35856
22635
13382
37124
11299
37989
39385
21993
33637
26889
30344
10564
22743
30634
33014
15919
35702
15113
35410
33254
30585
16744
21197
13563
31880
27400
23440
39165
37423
23197
32370
15605
12066
23734
21940
27945
35511
27875
32695
34141
15344
36659
21774
39126
17309
36683
29335
34342
36256
15338
19320
22535
26987
30540
31887
26187
21481
17237
14031
20084
37680
12912
29717
33239
16748
14201
23234
29395
34601
21991
36521
19259
38770
38380
31127
27965
22705
38278
18265
26704
39595
39522
34198
25198
37922
28021
28637
39282
34055
25129
37445
26491
21806
16085
24460
34613
29018
30745
30582
14425
29071
27540
24194
37915
27656
29137
19326
30788
12501
35834
29638
16660
28460
10058
11521
12594
39536
22632
27971
16052
32199
28540
24929
35841
17884
11979
38192
19709
24229
18946
35649
23376
37302
11010
28961
20795
12954
35006
35314
33765
19344
16442
38561
12834
22100
16303
23077
21710
21358
10476
10067
20595
33438
35917
38744
22076
14239
16077
29683
13076
19712
31297
15736
33047
30913
16435
16198
16791
12393
15879
34925
33502
10020
12817
22537
36090
27532
24753
36939
29489
37048
26036
13917
16554
17873
31423
34604
10115
27159
10818
36724
23864
12117
30014
20029
16247
35943
35335
35015
14043
32488
34078
23725
37642
25410
33613
29115
13807
29847
16005
10380
27132
30762
13184
26980
32472
26453
32100
10958
22110
30872
19727
28526
28964
30059
18679
15392
18076
12608
16466
28532
32794
13124
38334
21196
28537
12124
31736
11095
34534
39021
21194
20480
38505
25440
22469
30213
33367
23992
16612
13345
39919
18341
11470
15454
34887
22441
22948
21984
13501
27697
26403
22545
29396
20323
39796
16372
34057
31175
33910
28571
23848
24889
39688
29106
33136
31640
26323
12772
27142
22564
26269
30946
17964
22247
39118
38690
29431
18140
16406
14664
33033
20631
20189
13899
21261
29454
32498
15973
38673
19812
22334
39869
28894
11648
20269
18904
15399
19168
39226
36672
14890
29083
10263
12157
22900
35135
28075
22355
33742
14163
23383
19550
17513
24485
15388
29864
34098
24787
13566
28787
25911
26059
16845
12281
26960
21869
33767
25984
21815
31134
38523
24861
39965
38844
13918
26848
28739
34033
15486
15872
38035
12975
10470
36574
30956
37681
31533
31992
31601
11351
24889
38467
33118
11537
25348
28904
16438
32256
30700
30792
25052
28399
14233
27914
20857
23679
26108
13368
25819
22081
11330
14763
11020
38757
22885
16007
36846
35230
10970
21745
19852
10226
17769
23663
22186
11437
29539
21904
39091
18476
38345
14501
38668
36342
22923
18103
30894
17149
35559
35862
18759
11630
33239
25764
24188
10192
19447
19409
30097
16840
24357
19973
11216
23604
24621
26936
36367
36625
33343
14346
18051
21018
37794
31523
18466
37817
20061
32101
15825
14051
14913
22216
11685
25894
29358
21795
14416
15455
25260
16779
32448
24409
27468
27090
13172
39199
32428
29130
34353
35331
38361
38290
37620
10078
28723
26617
13983
25414
24092
23617
31522
30602
25019
21280
19855
24030
26653
32853
29057
17772
23143
24805
26357
16908
22395
10979
24026
18294
36781
17835
31647
39532
18987
32955
25713
17130
28744
39178
32425
23285
33103
37381
12053
37973
32847
39773
39921
27914
32617
31228
28506
15990
11431
11577
33443
17519
32936
10539
39224
31851
38935
14693
20130
15672
12719
34873
38258
29304
30414
24125
37536
12220
30541
24862
23334
19324
37729
33200
12340
19300
27644
24711
26399
36043
11250
35126
15373
33612
35570
23817
25333
29402
20567
33198
20945
21216
25451
21073
10335
28185
28057
35107
33588
21235
38721
12352
19497
12361
15856
29508
15024
10037
21024
28457
32153
25859
10745
18315
12739
27941
11470
15446
22875
26121
24960
10069
11333
21714
10282
25296
28932
27272
14534
29427
19600
17028
32059
27816
37228
39886
17807
12006
29920
31863
36237
30090
28615
31784
23905
19287
37593
38302
24438
16385
34976
16227
20275
22354
16665
16494
19207
25953
20781
15705
11826
29242
21430
30791
16024
30155
14286
31495
36140
20616
20786
12408
35450
29380
28237
34159
18386
27770
13041
28736
36618
32295
20244
35159
36383
37356
24433
34120
20711
23984
33447
18614
39918
18047
21199
25249
22890
16357
34778
22013
29355
21109
12691
26302
18268
24114
31791
37898
15822
29187
35820
23504
36977
13651
28416
33183
16281
15159
31194
26211
21139
35634
37389
32905
25922
30934
19622
38107
25576
25210
10508
24482
21078
24046
14215
17526
22891
21363
12297
20540
37029
36375
27401
23173
23148
24815
36161
15853
17290
26412
24224
28957
31052
17418
37160
15259
25905
15566
14838
10792
21060
14087
10107
35789
18922
32818
29372
31758
18671
10919
21460
14070
18817
36042
17977
38877
12957
37613
13334
22126
18084
21003
28544
11375
18912
20553
24316
18033
11485
21941
10748
28420
34586
31118
27104
29038
10894
24157
29430
22262
31632
17682
23299
29836
30667
17250
29218
39920
32517
28707
25660
10811
37182
30756
22212
16116
30015
36284
25068
39849
33722
32393
20939
27076
20383
30010
11913
35280
12267
35618
16750
35469
27306
35746
35289
35304
30413
13618
29749
20936
16200
24511
32710
12022
38298
33386
21172
38953
23154
21704
12003
13902
29791
27091
10048
28824
23614
24856
25726
16041
14841
20352
16345
39013
33231
33055
31556
34197
30198
30783
25837
18654
15772
26702
38766
23383
10054
30819
30647
25598
17053
17243
10181
31211
13878
11788
23157
34178
12488
13992
37645
32632
16847
27451
25438
39426
32865
14177
36758
37080
24470
23983
29135
31707
18952
35926
27982
23545
15751
31749
25890
34902
25947
20685
12725
19982
14379
25943
12974
31077
38367
12806
35507
29868
28489
22833
38706
32925
39581
32291
30579
29988
19427
35772
19658
34008
31322
27236
25805
21719
26589
15752
37877
32151
34157
25634
20358
17524
16369
22228
38664
37807
26085
28857
17324
11635
26769
13745
34071
20188
30921
16532
15319
36153
33844
34682
19623
22709
15573
29052
25734
10186
26960
12309
18404
25073
28243
25739
21750
21292
10784
27047
15306
31647
12862
23810
20091
34908
39343
13410
25608
24176
19616
24560
16811
32186
26311
26281
19295
35594
26085
18259
35927
31396
12428
11103
24145
35736
13570
18275
34377
23890
32119
25880
33604
19703
18757
16454
35646
38270
38948
13592
19053
24839
18803
23156
31466
19873
30327
30659
14964
17985
25142
19368
30662
33763
12054
11013
34491
18861
35658
37448
12692
30703
37122
14724
34190
23813
24468
16683
19030
36142
31509
20544
34029
26405
25600
31411
18045
39155
10329
21055
11846
18616
12334
10191
36779
18435
10124
36295
19124
33462
18108
36285
37802
14466
31396
15276
13826
23974
26887
28403
35173
17478
18864
26424
13848
23163
22409
31809
22331
20626
21094
26192
28027
17643
27490
27592
32320
37916
22488
15709
38973
21518
29288
13434
37666
22433
13985
32658
16040
29955
34416
12491
27969
15747
11130
23034
13275
24343
36560
28674
19496
11045
18255
22705
24080
23011
36797
24122
32416
11066
38323
10391
12050
25505
10929
16034
15885
28278
33990
32549
14685
11937
15667
33913
14234
38446
37971
26976
22970
35222
27138
24656
24783
35724
25650
18972
19655
36868
22617
15064
26821
18808
37320
34188
20584
24486
39094
12387
33617
32749
34456
10301
31997
31185
12066
35724
10998
39494
16328
17654
35504
10412
35832
28254
38580
19477
37139
12960
37469
37770
35121
39552
23326
11511
23358
20264
29344
10755
34790
37422
21713
30053
12141
12656
36633
21424
13341
18951
17793
33500
37415
23872
28166
26648
22829
30892
37353
32363
15288
35119
28280
30317
26843
15917
38276
16299
29685
34076
39751
19394
27927
16316
13951
29920
11195
30014
22051
33874
13888
12132
17163
10218
28297
37181
30947
35835
15870
33441
31400
23631
33800
33240
37283
25038
16678
35723
35220
20069
25920
32223
28807
32528
18667
21454
21500
16754
38174
24418
19962
34176
17859
33148
13633
37203
18453
12323
20820
19675
35024
12244
24871
36024
12079
17856
36750
18381
30238
37705
22124
33718
39171
18149
30232
27958
19017
12396
12275
14326
15388
12876
34318
21265
15208
15591
15640
39353
20001
15780
34847
14390
12798
33892
19970
22555
15558
36951
26202
27810
37459
14214
13444
30823
34192
22761
18806
24936
28206
11582
22738
30801
11459
30198
21880
12516
25097
32036
30793
39538
14893
21913
33356
10412
36506
22688
29584
22470
36179
26819
34418
18330
36543
30536
16890
36351
35103
37070
18928
39614
29793
33441
26965
31589
18469
33809
29131
34927
31777
37577
32319
32910
22079
25734
15008
31014
32517
37764
39724
33093
32502
13828
30467
29820
29837
31308
20583
21689
39239
15921
12633
18386
17213
28101
27160
13468
31992
21044
15387
14842
10665
27549
16160
15009
12857
28984
39443
29235
16285
38677
32455
35844
13782
23327
28732
35387
39451
23279
24599
12682
32025
17115
36677
29415
20063
28601
17060
30440
20867
24008
20033
19143
32478
27125
20349
39065
11745
24528
18723
35858
35707
24118
31367
10814
38024
21155
38228
32426
10621
39716
39103
28555
14182
10178
31981
22500
38573
31397
22738
27546
16742
38889
29987
12645
28843
39477
13204
17447
23566
30313
29877
31316
33410
36429
30272
24753
27487
30857
24314
37800
32261
38432
31709
25445
24210
15304
37829
20063
30621
12837
29485
17714
27362
12655
36016
38639
18886
12626
15018
21804
29039
23594
11132
29803
33408
17586
27722
39978
24420
33164
15655
26943
37808
29293
22027
11907
25476
14693
29241
27711
28928
23611
17054
35619
23475
18299
27810
15797
20943
31196
12756
15074
25404
28091
10671
33862
33596
39015
37679
33436
39351
11098
14891
24734
25201
38147
23911
38914
12167
16715
33419
24766
39000
25464
15230
35300
15225
27009
37645
32490
20453
22905
22436
19397
37672
16291
15693
11170
20353
14186
29739
38835
15204
37904
37022
13318
24204
17749
11595
34008
31634
28917
35636
32504
14424
24393
35976
34958
37766
25584
30618
17925
18047
17116
16302
35726
17887
36808
31681
31690
35746
10329
38405
25045
30072
27950
25469
36195
18372
12617
18195
18569
34827
36031
31997
20505
16589
12087
13181
15204
13525
15209
29946
18334
16893
19483
18611
18192
15069
29907
39243
20276
25935
33917
30526
16131
36249
33366
35342
27987
32920
16812
37402
28348
18310
30461
24850
38529
23605
32636
22527
22054
10359
15585
24958
18556
30995
37539
21879
34825
19637
28588
14437
36623
22125
39522
16784
39091
16880
11250
35015
33691
37838
20686
39952
13938
25501
24948
20122
22278
10684
11348
20403
24148
22162
25341
24721
10524
36282
19567
13100
23272
29806
16487
38317
24874
30291
27400
28364
33757
24238
16020
10614
17109
35846
21171
36210
24471
23775
28124
22686
22029
34617
21586
25674
15432
31814
28949
11126
36453
18398
34984
38506
21359
14144
15916
36142
37776
20377
23184
27041
10744
34041
20111
11219
17876
36093
35165
13680
19141
13723
14575
37258
16071
34014
21248
34978
12130
35751
29431
21465
26260
19497
35417
24670
33014
28594
35787
15248
32265
32227
36820
38261
13790
24468
36599
16493
11934
19001
11495
32320
36027
22987
25414
33526
38833
27285
38925
19998
38193
16991
27686
25349
39045
16627
12385
35748
27612
35388
17415
30424
13836
33116
29120
23086
27958
18696
28299
34700
19570
28216
35344
14047
27888
21548
24412
12848
23698
31360
10988
33895
19989
32272
17717
14879
24936
17014
22892
35016
12836
25451
23790
30490
28947
30294
11230
22983
15812
19895
19999
31616
31341
23406
14379
17934
12851
35976
21618
25970
19495
12478
30291
29919
33929
34388
33940
34611
12215
14664
13696
35864
38716
13626
28473
35268
38154
36353
17393
15591
21061
20697
29416
30764
17632
12216
39755
19261
30481
34020
23549
14119
31473
18276
12052
24667
10940
14763
15184
21077
15652
12646
18012
32317
26777
11781
12709
19512
22539
12877
16059
23829
17819
22678
26360
16895
23705
29258
21605
21870
11827
16052
38920
30649
11603
29069
18220
13452
20204
19716
20021
33496
36304
16153
26448
11055
19633
16482
39647
34273
11051
37414
25510
24211
29121
39689
21966
34740
29909
21281
27751
37720
34309
21241
34199
13996
19970
31451
26725
31834
36090
29923
14981
32247
17007
32387
29360
19359
39412
12414
38193
34727
33491
20632
22231
38099
21487
19891
23880
15197
31840
24535
27267
12141
16704
31945
16172
34968
25945
33090
30246
32580
21363
25612
23558
11022
15181
35788
25684
29060
21220
20807
23539
24110
37560
33562
31433
23931
10683
30022
22460
25735
32623
22365
26107
26530
12284
39243
24301
14671
14938
10427
29489
21584
32997
13654
28513
29425
34915
18651
21178
10290
12481
29251
11845
22719
17137
23449
28201
23456
15044
37893
27592
13444
19656
30555
15303
16492
16249
28063
17359
38648
22348
28498
23291
11863
17263
13319
12549
23692
22725
17252
39889
17670
23138
11593
15961
11600
28193
18832
31742
38078
10559
26820
26817
22432
27302
10484
32867
30650
12749
31522
38442
22925
38735
28322
15759
38941
35752
15203
12763
19072
37814
13702
24744
10862
32362
37984
19448
33430
39673
12628
22351
31883
35003
29887
31057
23147
23098
28519
36709
18308
10102
27174
37301
17570
23784
37183
37442
22805
25700
20568
13888
18956
15545
35627
16755
11830
38775
38562
33283
36765
17916
30931
38025
13940
21444
39459
38354
15163
20737
39715
27989
31167
21360
27669
28121
14787
19805
30572
24093
34106
13914
12269
22090
21986
18921
25068
33399
12614
21724
39737
30329
38127
30934
34752
28425
27065
18739
36844
24477
30285
26069
38316
30084
37601
22286
25779
22728
38719
16289
11048
16281
17542
30862
37744
36335
11341
36294
35222
22684
30244
37936
14040
39894
18449
18639
29589
23498
31391
15067
23834
16643
28882
37968
10966
23486
36789
24411
28004
13869
24822
12435
16297
36902
38901
20844
31085
22355
12573
19800
23069
15340
21511
37248
22947
22389
29680
39048
11675
26951
24004
15566
21853
12616
25977
10660
38427
30820
12801
15539
29608
18993
22807
16176
33144
20816
20399
18895
20393
25027
30487
24848
38513
35831
38254
12645
24834
11329
35299
18750
19249
24649
13451
29716
34513
12822
13148
35455
36662
13600
30440
29982
25620
36632
33723
22825
17500
23314
13022
18730
19657
22718
28483
35228
38691
11236
20860
25905
10298
21847
36297
28435
34942
26429
19549
37838
23531
21119
26500
12262
26783
38930
16665
24949
20255
29564
13839
33431
17200
10139
32847
26597
39716
16026
37108
14524
39053
15396
32900
20342
11125
30451
29910
15035
17652
37032
22300
16450
15492
39371
13280
10947
19003
14323
38717
18642
31877
25735
10916
11429
29435
33220
36976
16489
17901
32474
36569
12037
16236
12122
32973
31144
16156
30429
36697
27797
31382
21620
14948
11957
13963
24794
24482
11283
16726
33516
30653
25732
30720
36380
35557
30696
11986
25772
33741
20664
24423
21913
10915
37797
15671
31208
30779
22552
22480
35766
20345
23358
25729
11423
13717
31452
31885
15419
13312
35921
35574
25341
33435
20212
16669
10362
29276
18784
24831
11559
25825
33347
22434
38655
28059
39256
33353
11702
38834
12967
16018
19448
13523
31716
22557
28099
39190
28521
30071
14912
27821
19619
27971
24217
25688
31455
37290
31197
15033
36945
18767
34434
36790
16382
17791
33010
33904
35156
10851
35545
23212
22808
31910
39790
23513
23994
29407
18951
36267
15747
37739
38261
28383
21636
39651
17103
28192
12228
31941
38623
10648
37764
35620
27322
12727
18870
18343
28101
32952
38809
21617
36772
25314
26526
22824
16769
33516
26597
24459
22975
15492
17912
14825
24720
33521
29368
34585
13095
15298
11547
26814
32290
31465
29808
31634
29619
24617
39439
12269
32116
22384
31117
12068
14343
33442
34331
19300
20811
26020
24596
33159
22884
37583
36707
28034
16202
25453
15932
21092
30205
38211
28750
24773
36613
11696
10840
12242
18868
22423
26996
10784
21314
27477
26239
31574
27255
18698
30027
32368
34128
20870
15317
30663
39833
29925
23133
34519
28776
28341
20346
10198
28984
38967
11446
25548
23256
37281
21194
26744
22006
21643
28587
20799
14437
33405
27904
34285
26116
25793
29410
22100
15442
30407
31095
35823
37464
27014
32138
29503
12146
10876
13308
22418
24069
17560
36483
21325
33761
14440
17218
30262
12812
10325
19339
18476
26137
29556
39952
12364
12379
11908
34117
12816
38281
28995
16681
35608
29750
14955
12065
31457
29570
14695
34275
27294
28979
27913
24219
17995
13589
37843
23969
30801
28440
23779
17700
12928
23746
35788
10000
38576
13848
35827
38059
30123
32541
12707
25987
18258
25871
12088
26943
30136
35024
32875
24206
24667
35455
11830
23541
13439
33533
37937
21165
12953
18468
32108
38435
10696
13860
11766
12955
31344
26653
28557
15720
27196
37798
35284
36415
25424
21205
31338
30158
13683
38417
28793
21304
18628
16411
17817
16051
32099
22959
35371
20001
30710
12855
37920
16944
21099
34210
15011
32334
13081
33184
22898
30851
12597
38231
24714
26775
33067
25430
32319
36699
28598
11695
29897
28283
13629
13696
26730
19687
21509
14719
27525
17973
21247
10403
37110
29526
38622
10356
31547
12018
20168
20612
36144
26254
21826
18528
21934
16037
12154
25931
23647
33772
39176
28965
30401
14838
18649
30559
23708
20989
23162
21528
12938
28467
19028
23320
22285
17846
25745
34335
25215
33955
24378
35312
14226
33989
17328
14778
32423
23046
34947
25737
17335
21711
38154
38598
13369
29331
27747
36625
32307
27158
18484
37787
38857
19493
16542
12398
18658
34859
15274
16399
32158
20551
11834
28973
21403
30090
18801
34796
17590
33345
13545
28741
18424
15693
20229
13411
18840
12575
32557
23980
26856
27339
24185
35268
15584
36538
21809
31641
12547
22420
10697
16637
38914
13782
11955
14977
19786
28190
26306
30025
25856
22474
16824
39504
12461
13030
38171
21572
13398
12199
11550
34415
12498
11211
28404
32018
34438
29442
22740
15433
36694
37308
14360
23835
27392
36730
38427
17587
11110
25350
38788
13829
29713
29864
25671
24305
17043
26214
39873
38439
10508
14920
20335
38145
25744
39246
27637
18341
37798
36815
35444
17143
28871
22585
24419
36287
33578
19965
38941
24369
35645
27530
31119
18949
31684
38437
36807
23062
39446
39978
20793
21325
26169
31393
34868
22532
29713
12868
26743
17560
14398
32422
25601
22170
35012
35437
10108
19313
15749
20836
37835
21646
35605
32908
35312
11009
18160
19857
12464
16231
22328
21819
32477
20286
35423
19106
17654
11508
34412
35413
17616
24768
10388
34736
14268
35615
22852
29972
14163
12810
15837
10955
26049
23357
14431
34936
19822
39004
29220
25126
22123
33022
33132
33465
18361
24101
29113
21602
29754
39617
10366
32448
20938
11147
29609
20244
31482
24365
11008
35984
36907
35502
16259
27091
21402
36776
36163
17785
28508
29347
30699
21796
18480
28540
25955
27973
23384
24024
18956
19693
36237
38632
19861
12095
16353
21296
20079
33532
33879
31962
38231
10895
17572
30020
32788
38222
34892
31342
16690
21355
17002
16138
16473
34203
24409
19170
31201
35249
19059
25819
14899
33417
22965
30784
16440
34113
10316
36034
14368
12471
18023
12067
34192
12915
13283
38931
27165
18803
37162
34704
29470
24545
29892
15033
14979
19209
18577
32638
32630
30081
16505
36624
10058
36403
36026
20896
28216
23964
24602
13850
23798
37973
37176
14246
23121
25053
13846
32240
17364
22840
28386
25761
31321
16272
36067
32060
18416
27209
14142
30556
39901
36835
25073
13983
29384
17110
27573
12248
19772
10316
32750
13187
12408
23482
36517
15108
24755
17172
11817
22896
28557
21038
13881
28614
30665
38882
30163
18153
21924
34111
34595
35405
34410
16143
11368
22174
15022
33090
37209
33697
15764
33358
28750
39271
32825
15607
37881
31087
29276
14916
39962
27156
27684
19243
36212
39743
38579
25705
29147
39371
34926
34578
19304
31059
21980
15484
27711
33848
17112
16960
28136
15815
14554
10089
18965
33183
17363
36355
30223
13101
39585
26208
21034
29522
11157
16520
36865
37867
18082
35407
16325
31485
33470
10790
17812
34433
23501
30374
10904
19880
27084
20008
13891
26209
12385
26014
36588
13701
17627
30295
33263
17083
38026
28743
24238
33367
33504
12815
17069
36364
39103
36922
11800
39227
19626
19084
29581
23701
15792
37203
24213
10644
22669
14811
29611
12035
29143
20302
10021
34007
19971
28941
27329
22111
36890
26241
18285
24636
17502
20319
30858
25065
38868
16384
31514
37115
12584
18266
32349
25687
33532
39771
30828
18389
15661
15167
23160
30728
28920
17823
35614
21136
38305
19535
13400
29992
34218
18541
31297
16043
38794
32719
18086
35544
26637
15567
22460
32561
19790
10199
30907
20464
30011
31932
31277
11033
32498
14802
20900
27055
27422
22273
19570
26066
26356
25809
21699
26817
39762
14195
32869
24022
32931
26651
35106
36695
35065
26372
12075
33885
25666
20097
19292
18172
25515
19493
19013
32508
12325
34490
30750
15559
21744
12942
39804
14228
34507
33719
31246
32957
12088
20522
27109
30686
27088
16810
12971
36521
22982
35208
39020
25508
21213
19750
12170
15244
22415
11493
35931
17533
30722
35734
29002
19712
29710
23219
11240
26871
24020
22963
35688
26907
13068
38790
38888
26813
17399
35245
26227
34659
22969
38567
28882
12529
25330
18158
24137
21971
28141
21924
13975
36255
12726
27619
22840
26601
28636
16179
34406
27217
21523
29717
11308
13597
12977
34525
12561
26280
35637
31480
39057
39699
33612
24159
14372
31294
36609
15206
39630
16912
33952
17258
16049
26230
34277
24883
25935
15963
31704
19185
37968
35094
35139
21095
11808
36881
28838
17287
21023
15029
12528
10730
38136
33350
10914
19961
18715
28661
14232
33748
31730
17527
27022
39504
22396
31854
13348
18246
18773
24764
28483
26179
20507
27315
37987
22322
31289
28778
18953
34293
33618
21611
21314
32739
15851
22352
13715
31035
37555
21775
10633
27571
13891
37573
24985
36868
18801
15280
20510
10208
20306
22775
32976
29501
25542
15416
14253
25620
19773
15777
38532
16593
20179
10634
33366
27300
32206
15884
20281
28792
29259
35748
23113
27106
17633
32332
28898
33745
25502
10180
26847
14720
23846
12114
31795
15331
25918
24013
19078
15766
16463
32706
19174
19827
25137
21598
39467
28963
15504
31602
24787
25533
32026
23968
28951
37246
14590
17211
10446
17406
15165
18203
10153
36617
37343
34164
18843
27393
26993
33722
11164
39538
22111
32127
24920
22986
12096
22299
28599
38124
33041
18124
32421
17430
22599
20648
11619
16978
27832
13996
14186
33726
33949
26069
37701
12647
38386
28958
12436
38385
22254
35631
26050
20978
17050
29619
34520
20388
30839
35749
36608
37461
33074
37972
11886
19748
39979
11338
19949
15156
30858
25465
12733
27676
12474
37593
31655
16024
11807
30340
12860
30110
15337
39143
10734
28980
33956
12417
17769
29386
20141
13458
34636
39559
16454
21550
25632
23959
17712
23281
39841
33693
13658
17918
15393
22040
18594
19880
23545
29950
11545
14200
25405
16330
32101
31216
16514
20227
30545
24142
21810
25491
10276
29681
14060
24320
17606
31941
18890
14051
35922
15154
13847
37708
36158
17541
33069
18395
27915
30159
37233
31075
20974
15295
32700
10310
25207
21271
11053
36118
18124
30994
39349
34826
11234
17897
11397
32132
30857
28523
19724
13161
11366
30782
11363
18418
17537
36973
20060
37788
13807
17651
24754
34157
33401
25062
33516
33999
29880
25268
11143
32298
13483
29366
25750
30877
33154
24480
11431
13635
24323
30816
23276
31660
10780
37042
32130
33183
12207
16612
33820
24012
19162
12640
19904
23665
12860
21949
38853
10721
18335
35540
10894
23965
10062
26384
24433
26836
22468
38967
18483
10405
17479
16761
31385
10221
21130
22318
20932
32104
16491
10761
37355
32383
28155
35799
36146
23166
24160
30014
38028
18191
10855
17042
38750
19087
33789
13068
27331
30877
30744
11827
32153
34125
36454
17784
33291
11571
36701
25066
20555
16497
22228
27511
29527
11649
19005
20076
25546
11221
15876
23866
26774
13981
26514
19455
39807
23177
39051
19635
26431
32538
15891
22521
28410
27361
30010
31417
29380
23638
24071
32453
32016
21129
31089
34636
34170
11332
11116
29759
13668
10716
10536
28972
33782
19782
25626
27547
32629
12882
10534
38229
39858
26399
37931
12034
24973
29369
20256
35215
33380
10869
25877
24318
38473
23724
31102
29650
11600
35017
29224
18297
16830
26777
16486
23455
22713
25235
13880
28708
19285
20762
14699
37262
40000
36506
38591
22906
30799
16069
39168
27534
33165
29497
21650
12966
12835
32644
24879
24093
25267
12510
15195
35559
31152
10880
16343
18363
29330
16320
27186
23636
24246
30011
34733
15458
33412
27110
29300
14337
38926
22978
13770
11903
33165
21550
17740
16956
15051
37592
25688
36747
37587
29725
30712
24641
13944
20477
33249
23896
14144
39833
27692
33689
33700
36897
37968
12858
19570
28178
13916
14912
23925
16131
37578
34736
19656
15961
31026
29007
21120
13288
13082
35769
25005
33990
32371
31490
33964
32061
13979
29444
20771
26279
10088
30299
35693
20604
37960
26042
22333
20041
19647
28574
21251
23549
35033
25871
39303
36240
29096
27740
31765
33086
16590
37832
37298
20681
37077
30007
24117
12263
18029
33233
26582
21064
36603
38504
39860
30402
22624
19082
25090
20864
22939
34924
13022
23688
38051
35450
25905
37342
20276
28848
27882
27083
33260
39820
13541
19251
12270
21105
30543
39205
23206
38056
16136
38635
14563
29609
17978
19727
23530
33871
20738
34375
19462
14996
37359
13213
33734
13368
20529
16807
31934
31219
25114
17049
11802
27376
16368
32027
34469
11431
23584
37318
35076
23717
14133
19854
34242
27008
13299
35920
15800
20032
22647
37053
28317
39261
34569
22337
35384
10326
19828
39682
22777
38217
31915
21074
33016
19819
11366
25548
18016
36997
35832
17190
30866
13543
20768
17663
15278
21253
26447
31981
13572
13938
32334
14430
17628
22291
23346
33856
10861
32992
15685
10292
21577
13067
10273
29888
33408
29566
23832
24714
35457
30570
13699
32522
36020
16227
30731
27864
18117
10489
22071
15174
25986
18259
31723
22930
38213
35644
12787
26069
20483
17397
10412
17094
14720
36790
36543
17359
15976
29755
36745
38720
32568
18066
11794
36119
33809
20187
31964
33415
30838
12362
29280
24411
10780
35102
17886
25797
15498
10961
28669
18754
18407
39927
26320
19423
23916
19172
13935
23818
22207
15672
15277
38864
30321
10131
22581
37932
21513
12132
28441
11794
10360
17043
38540
11277
15716
15204
29679
14513
17344
23232
38282
31678
22464
16330
10689
18250
21531
30135
14610
11457
17604
25555
36649
31990
17419
38584
15367
23711
24668
26607
31646
18207
30320
28136
18218
18227
35091
14966
35991
20407
29703
14019
15152
18507
26884
12129
31412
32142
36936
35423
37601
11664
32132
39901
25645
16183
32273
14792
26394
38082
14990
34015
33478
31146
37005
27014
11677
36108
34014
39463
35316
32280
31282
27579
38264
25509
15355
24198
37994
37884
29264
28214
34584
15581
24157
18137
14910
10922
24638
36605
19327
27456
38760
39429
20920
12620
37326
21483
28284
36270
32887
12642
39651
39646
14332
23656
27221
11425
13670
31079
16259
13471
24801
10734
15373
36831
37764
34858
26400
35728
14651
20676
15696
19906
23313
22899
19306
32811
39967
37624
33977
25794
32619
25072
15007
10506
31006
20652
31826
21662
34445
23171
26901
32611
15160
18286
22754
14000
14749
10261
21689
26420
21858
13930
35474
21879
37218
34594
37308
21770
11025
17346
38659
17073
30627
19452
12149
23995
16484
21746
13457
35354
30455
20119
26156
12862
30794
18500
33479
35940
30035
22658
29755
31836
20117
31066
30402
32930
34034
14541
35245
27228
12092
25067
26773
35613
38662
38484
15686
38076
32220
21963
23605
33699
32276
31444
32281
17854
16156
30290
33411
26396
11384
12363
28765
15095
24094
24519
16785
39149
11120
37353
35536
31553
38881
23262
13493
17127
14684
16034
18350
21898
29573
27756
15439
34616
31333
15491
24828
16728
32750
13004
31342
26575
25743
34270
16730
15714
13810
26522
25034
13640
27062
38680
39215
30197
34833
17043
28822
24928
34623
11204
13388
37870
21475
13176
39102
21063
36462
21829
36021
17645
13108
13915
34290
10433
15490
25410
22230
32216
14123
37063
20311
13006
11851
16064
32770
34699
33857
34222
38334
33204
29668
24775
20758
36890
39746
19354
39078
29897
18705
11407
22048
10438
22099
34324
18258
25499
25065
30440
26271
28138
21574
14575
35079
18599
31262
28421
33219
36984
20078
30720
14619
32086
18003
10600
33215
11216
30082
11825
33676
26246
11354
25258
16848
21448
17441
36527
27916
17784
14270
20373
27857
18958
30546
13955
11985
21471
31370
36736
22094
11998
15364
38565
33761
39448
24304
38801
26859
15710
18514
19107
34470
19338
12134
29832
28932
24275
15397
32536
29440
21210
11338
11805
18773
30673
28188
39948
13120
14837
30289
21897
16369
12744
18010
25334
17728
25660
39691
37501
23266
10393
17844
11826
26657
32837
23298
17443
26738
22361
39209
12027
33503
27345
32578
28239
34918
16592
25123
37713
15519
25690
11958
34101
39424
20823
18432
19624
31113
35203
25525
11340
35978
14007
26874
17419
26636
16940
13435
32048
36890
38356
21932
25853
16278
30742
32790
23736
12181
33043
30312
34947
21869
37975
28797
33360
39990
30028
13846
10129
25049
24047
20097
33104
15901
30725
32978
20627
15657
27115
37204
24475
11743
35329
28754
37959
28024
23979
36650
21383
31284
39145
16967
32367
30564
18460
37031
38185
10521
31432
23692
22597
22191
18804
26876
31495
33865
33237
13695
29907
17792
37611
13693
21732
30617
36628
32765
21625
32055
39006
27455
26750
22799
13954
18901
38791
21204
14443
14884
22972
14342
34813
20389
22836
38326
19239
27389
28062
39980
22295
23172
18715
16516
18587
29800
14866
38982
23866
14814
26543
32722
17614
31107
21697
22942
25881
10079
30200
36562
10859
14178
15030
20819
18528
35272
18734
37170
29789
28584
29122
39521
28711
16258
35227
36329
39020
39225
34676
38167
11861
22389
31389
12937
38529
21157
38519
34580
17329
36528
32624
19361
35530
23918
14365
22363
32907
32889
17699
38426
22947
36592
27347
13561
34605
31749
18564
22929
20418
12689
16249
22330
11746
37921
30610
16655
32034
14349
33209
12153
32225
14605
31603
37012
18707
38785
16038
38016
35666
24316
29835
34249
36842
38753
34768
21982
17099
34033
38762
15690
19723
36004
32120
15167
28466
33409
29947
12268
34562
21632
15481
12280
35989
11570
21598
13685
18122
17688
26342
35418
39787
13032
21505
11896
21184
16331
39540
33586
34337
27163
28251
26885
34725
24345
28584
39414
27262
18528
39279
38654
12546
25701
32789
23540
16647
32022
26618
33678
37617
15179
34148
30033
13036
11447
31284
16041
17587
19298
11496
13447
32053
10155
12912
35486
18323
22533
23125
20007
22769
35997
30315
32124
27126
11852
26354
11845
16920
13589
22408
23517
27203
12361
39256
26176
29481
34556
28595
32011
37900
10585
18169
37909
22725
36587
14940
33669
28599
22959
15991
33894
21042
20540
29899
19697
31369
22932
23608
19715
26666
31552
11522
21645
30565
17241
25706
23814
30031
15087
20620
30582
26730
34072
35023
20483
36141
24936
28149
39559
16710
25438
10314
14322
25914
24132
36141
14279
35469
39412
10445
25905
37124
24868
17907
26675
34975
18151
18849
36498
28487
16089
31426
27874
28266
14372
21312
15622
22762
30630
12505
22824
36308
32944
29344
34731
22162
19164
33569
39793
34627
31827
26515
10993
10255
27856
25781
30182
27237
13294
12034
26722
11690
19787
28490
35040
19965
39512
34630
37341
18971
32798
36460
18250
34577
14243
16097
11045
26040
23562
10383
32267
20950
36411
23628
23406
18596
29354
29669
23593
16849
18806
18486
28039
33214
13135
13136
12384
11556
33688
24161
18912
17772
36809
26745
23361
37694
22294
39869
21477
14727
33441
33982
38521
24095
35945
30813
17638
15509
22976
32912
35290
30237
29101
16219
37583
20146
18661
37222
27958
25473
22705
36187
37606
21321
30047
20375
33631
31740
21071
10240
13561
34205
23376
16126
23213
37313
35671
16779
22851
13828
20701
14090
31280
32053
13021
34773
32253
25985
20564
30522
26721
31295
11675
30881
26154
10040
23799
37110
19266
39803
25919
11401
23184
17661
31176
11209
10365
11608
26624
36612
12269
28261
19489
11190
35724
13422
17668
18187
12302
15977
28245
17016
10244
33022
14741
14243
26154
35718
33437
30688
29250
25210
21559
37369
39112
36560
14999
28424
20058
23561
12556
23717
12623
36509
22925
37720
38374
36090
18439
38348
19479
36969
37556
33318
16831
35917
31438
22481
32586
20431
32851
14179
35659
13275
21897
23826
24281
37515
25565
29978
35903
20936
18248
11227
27875
13703
11114
12495
35630
39269
26304
25689
39577
34178
31455
36832
20245
13125
39292
36685
36453
20207
17017
14082
35133
23086
37663
28593
31529
30362
35489
13459
27561
16473
38385
12743
17356
38929
18914
35321
11982
11328
27554
25851
19201
27233
25569
36863
19623
19733
16910
35537
13567
10866
39548
22710
20158
11762
17020
20247
13344
26400
37357
13033
29214
27861
25119
26039
34483
29306
10151
37335
39558
31982
35616
36174
37591
29665
30717
31043
14260
29781
21861
10533
26872
14703
20133
30980
11139
17183
28701
38112
22576
12834
10142
38930
12360
35804
16274
36170
18547
10157
33711
11515
33286
13188
21086
26695
27548
14638
33879
17682
31412
29869
17554
32503
15706
32061
34386
26646
18823
22627
33296
20920
12840
26681
28304
32082
22370
39003
28992
10756
15491
22176
38564
18384
31848
28101
38407
29628
31256
29351
30664
34333
38384
23673
14419
13428
33385
18205
32634
33646
27536
17047
34454
23744
37480
21132
31865
26040
12501
12088
27844
12790
23447
33480
24007
28696
23781
21331
33998
29684
25137
36858
24601
11163
35228
24024
22326
13945
17354
33406
35092
37604
28344
16063
25928
16433
39710
19298
37249
26966
10538
23246
11166
28337
32137
15664
24508
18479
39527
10610
20468
12124
11135
19743
23631
13772
29601
34795
37536
28407
24941
12593
17048
18901
22530
31566
31127
28196
30063
36804
31841
23556
15699
19973
36471
31745
17955
33337
11311
39698
29381
19886