11924
21615
24191
34272
19406
34977
35944
36209
17361
18275
15284
33110
25962
34461
33445
23629
37508
39254
34378
26019
26573
33150
19428
12378
32711
39777
20345
36355
15849
36065
31472
30625
32988
39721
11150
20807
17447
17651
12858
37211
13953
13225
30898
33896
21093
10769
14397
37556
16250
24895
35979
21364
27509
36272
37182
37326
18455
29910
11330
18608
27570
28548
28029
25111
16220
30509
12653
37119
10163
13143
31289
12383
18490
21532
31881
17298
17164
17834
20230
38363
11967
38226
12990
21904
31105
38545
13851
26832
35744
19098
14016
13221
20985
26457
28262
31474
11679
35208
10377
11635
11654
28421
14247
36681
11433
18801
38335
33411
19590
38720
15659
27114
12967
16478
20825
33223
29481
27190
33441
14271
34599
27921
37163
20483
23958
12934
27309
11094
28441
21514
37415
29189
14583
22127
33949
25577
18128
12703
21207
23299
11252
22279
37092
19743
31015
24336
25963
24060
21911
22414
10842
27597
21880
14857
19155
15811
25013
14573
37809
24484
27778
26170
30479
10647
11861
25745
10980
27067
37816
10012
17145
21450
10108
15295
32640
32496
14488
11585
10800
39033
28904
12657
19555
28864
17199
10005
29151
31209
39640
35441
16970
17395
11731
28323
22360
26297
39606
39995
36864
23736
20975
10166
27171
29087
36146
35577
29286
20441
35819
20207
30325
28150
38006
14558
30312
28092
22128
38474
18476
13720
12131
12999
13442
35514
19576
15350
19518
27333
34275
22625
26933
38434
18311
31944
18256
34723
35977
33716
23373
32542
34111
13519
20062
19495
23848
25950
32917
14884
36930
31088
29961
37406
14703
20322
13600
26418
20134
38027
26614
27807
17040
18697
35246
16756
25400
35152
37533
18535
28606
27968
25113
10928
12217
25566
31303
12424
18049
24363
21736
17324
19137
27921
32596
33673
16238
18733
29131
12016
10793
22641
21722
39552
38862
15492
20451
27061
21552
27200
16514
23795
21611
12315
32296
31951
11740
13854
34129
29165
33837
18599
11009
39719
14183
29402
36112
33575
36774
36189
28682
36155
15549
25454
24342
32044
34656
14008
19491
15675
30908
23367
15412
10280
25754
32920
30450
26067
25070
28393
36886
13781
12245
27581
39934
19860
27947
38400
15512
31697
34931
24767
39097
31213
27306
25532
19210
11461
32110
23369
16907
27125
36608
13565
15997
34124
20768
33154
37535
31793
29089
35662
19593
16748
39269
23968
32909
12479
30624
36618
26767
37861
11545
37434
23469
35279
38148
36078
39796
15620
24481
17927
34622
20493
23910
34704
34297
28798
19674
22783
31860
15784
29962
11328
14949
35475
33410
38666
15937
32794
22959
14651
19973
20333
14217
23482
35711
34735
20129
39088
19977
35410
35319
29254
23597
38135
19787
14219
24576
24373
13603
17161
10974
22206
22888
13387
38340
34932
31408
17698
30379
19347
23019
18643
38584
34960
24125
26708
38030
13778
32809
32080
19677
20427
36835
24842
35415
29598
17358
22204
36295
25823
29768
15219
15990
20480
32680
28508
23489
14340
35412
33549
12612
31131
14320
25812
30951
39521
25805
20402
31822
21534
27142
25305
37829
14637
32524
38929
17508
11342
24402
25107
38802
11116
19504
23000
15171
20957
31841
31686
32732
23477
12211
29060
16577
26753
23571
12801
20426
14970
35598
17312
12151
34096
24000
25265
16524
29014
38011
15669
39688
30530
31641
15097
39209
35698
11008
15121
35052
38797
38897
28234
17760
14685
20693
32473
20508
37190
37259
27051
20981
14815
15814
36718
39254
33742
27466
10995
32989
27226
13757
25564
36937
21263
17973
19994
13014
25924
34330
39387
37672
34471
20021
17936
24090
36597
33358
17186
36636
33888
20967
11614
35202
20780
25834
31805
27959
20433
16582
27052
28782
14358
18462
27199
34912
34782
19211
21107
19248
39370
31752
25365
16492
16229
10504
25608
24834
17369
38219
36021
20209
16258
12027
18902
18276
29953
30252
16747
11107
22913
37879
19614
36814
34450
34681
12205
34449
29040
32820
16156
10991
36154
11045
26935
18886
30194
16932
34538
10966
34400
36478
11458
14454
35024
35313
33454
24325
19372
19942
25350
28807
13514
28005
10072
23484
37353
25056
35554
22834
35977
19767
29980
36897
15829
15998
30289
37774
22713
14958
17247
23709
18917
36479
17325
23852
17227
29591
29794
11846
27927
12091
35197
13516
37401
32237
31251
15592
38910
25925
29412
29615
32450
15963
15162
39767
27413
39771
30997
20620
33224
11812
27172
10515
31660
23090
38633
38985
35841
27145
32939
17766
30662
27484
17316
27483
17071
24194
15566
22482
10987
39169
36779
13665
27112
39222
34698
38523
25580
37823
36343
27576
32524
30062
23375
10951
12867
19251
38116
26348
13646
25767
19857
10330
36489
16184
28451
25438
29569
16027
28019
30742
23386
21636
24406
27458
27875
30552
30076
36917
11912
29965
34873
16025
29718
35494
36025
13624
31888
14522
14160
34941
25903
29094
21083
30079
23643
38856
18538
26273
35575
38765
15425
11440
13393
13549
17409
16725
13227
28757
15922
22364
10032
17220
39141
32588
19614
37580
31240
34593
32659
33334
13103
25479
17063
28198
34325
17753
18009
38276
25731
29178
24003
20005
29134
17235
32858
22774
22943
38991
12223
27378
12527
13375
27743
25045
34710
22983
13433
11585
32385
19780
15726
15040
17342
37597
26054
35904
11614
11615
23437
22907
25717
35688
11122
12912
17622
19977
18931
17417
26594
25007
38207
10457
34694
17623
20497
30413
20153
23662
36002
38347
13471
20895
10022
35090
35760
39942
36245
23678
28081
12519
14328
14530
33374
13065
13582
27387
16244
35021
16942
34921
23895
15416
11196
18836
29498
31352
14299
30733
10794
10728
21517
15127
29740
30343
15704
12638
16765
19859
12190
25556
19630
17141
19955
23541
27736
12337
23310
16425
26230
11936
28838
13158
28162
22490
26423
38198
33770
24829
16478
10125
24697
23684
30541
39057
19075
17717
27273
37497
34842
28316
16236
34485
31660
37491
22927
22449
29011
39568
19588
24265
26581
14837
22569
27413
32567
33064
37058
30729
10146
23653
28676
24780
23831
24698
20790
16963
25437
25500
19037
24755
13325
11219
17013
29194
35642
31001
39205
13841
25804
30365
12695
12584
26754
19334
24267
12528
20488
36867
14996
15290
29083
34012
19634
13510
38591
19618
26868
28628
20788
20955
35625
28636
39788
19892
34680
10036
30585
25381
39269
14954
18698
30003
32094
20772
18301
19237
32927
26828
19969
31022
35438
11076
31092
39587
37120
13493
33832
29839
25453
37334
30786
33476
26892
12852
10556
19517
38634
32844
32533
29033
25967
23134
34462
26357
33299
36618
37168
10385
12105
35545
29263
20714
36166
12343
28687
37314
10212
13677
39978
10846
26499
13794
31483
37918
34586
15506
38927
34538
20405
16737
29539
30576
22784
22596
22806
33262
24371
37472
16312
35139
15221
39333
27452
39369
20043
22886
39582
34648
21894
36957
27002
28144
11523
12389
20857
20000
27288
16687
33611
10156
17724
30300
14662
20952
29911
17748
13568
19405
30452
10976
15947
33460
31601
37506
24032
10086
21604
11835
31775
14774
28855
31718
34705
14958
23591
22054
10934
31756
39230
14628
19725
16133
24721
18289
15840
25841
34633
38619
31310
34564
24923
17400
27755
35088
30167
14000
36401
34182
30388
21206
34776
35911
32580
19270
17478
13360
19935
35099
29152
21810
27583
22502
33533
28181
30632
27028
26964
12305
18931
35087
23169
15131
20073
11876
18370
34818
20459
24512
28482
36448
19749
36949
22562
33373
36080
14298
39795
13687
17600
11728
36344
23755
21991
17995
23981
11047
12764
31878
28397
11189
25068
13221
27163
24622
23362
22145
16405
27340
35168
28359
19535
14574
19623
10466
26699
36688
25730
15284
18220
23464
12666
30032
13260
27280
33450
15526
29231
17558
19501
22756
26206
27497
24511
14751
16798
34277
22673
32363
30208
17637
29065
19209
34006
19775
35087
13082
19268
18096
31513
30770
27679
12917
28888
23463
29020
28613
30953
20515
14081
27940
19127
22707
26902
18319
36142
35270
23021
12264
12901
31614
28318
11747
17125
17911
26943
27385
21017
17076
33607
11207
32670
20172
18138
21460
30527
34902
28395
27681
25178
36004
16160
31271
19991
31898
16301
28645
16399
33657
18693
16140
32805
12706
34976
34623
23020
29015
23805
17061
20105
23907
21462
38182
25649
36203
17883
23640
37501
19291
36540
15073
37753
20942
18034
33241
26107
29630
39572
24066
13535
39390
36935
23664
18715
38495
15140
18263
39616
20224
21749
15138
31308
38981
21813
34603
23447
29065
35203
25277
11771
22203
12597
27162
15950
19039
25953
20927
15488
26906
36610
21875
14408
13198
18558
14035
23056
14727
20465
26046
36488
10559
23780
26772
27599
18578
39102
11521
15388
11663
32263
33892
21205
29511
17477
29213
14456
29980
19019
34617
19018
39867
19012
28723
36284
15090
10571
24333
13362
34813
17676
37629
12096
19950
25907
34841
20926
27092
27510
23857
24284
16933
26760
10588
36739
29377
13315
11584
36966
12046
26706
26100
30992
24585
16592
19780
32636
38612
35733
33278
20894
33501
17704
31438
10715
32580
17162
15532
34848
32165
22420
11891
11722
19957
29097
35388
28468
25018
16718
21986
33984
30473
37403
31971
11001
19551
12948
11645
38631
12902
12865
28522
17119
39240
33981
28096
28604
33872
38983
21247
29584
30643
13249
20514
30615
27289
17813
37572
22567
33328
20092
25362
39532
20329
11346
30131
20417
11192
13111
15457
23030
33620
15862
39887
33160
13000
12218
31399
34079
12959
24347
31101
19513
12032
21445
10232
36631
14846
39621
28202
32022
33958
22139
36205
21675
38446
28310
16527
22929
30793
17553
23643
27122
34918
16657
28645
30512
11682
20124
34193
36714
11083
16218
39432
30497
16722
19072
14256
28475
25917
11303
10698
35508
27419
22730
26061
25242
30558
17892
10185
16575
25760
25061
20951
35880
17924
28651
21204
30189
25948
29202
20638
18290
29185
30846
30170
19877
37200
34580
35689
12578
12469
35539
18056
26142
30311
15286
29695
16900
32353
15395
39540
36090
29771
33475
14693
26252
34941
32548
17813
10706
25032
20710
22253
31909
10390
10343
39100
34472
18387
33745
15807
38430
31920
21471
12482
12014
14643
39341
32966
33765
22940
38931
24322
28182
20226
32520
27821
36034
28217
31883
38982
10912
20300
19883
11105
14519
27642
27163
38705
16446
12281
21910
22323
16113
33115
20385
36706
39961
39854
20366
22597
25592
13329
10846
33101
30395
34267
18860
18658
27414
31829
29220
35223
31516
12780
37402
21915
26179
39593
34779
17098
12912
21886
25334
28358
34382
39093
35815
10137
16483
22358
29742
19883
22378
18973
39171
15692
39753
20864
28695
28133
15527
36601
12922
36226
35035
22930
33373
22303
18945
28098
37445
13990
26777
17954
17500
15293
30442
16624
34779
19601
32925
26707
25723
17805
19090
28657
11782
39607
31888
30194
19593
35239
19034
19285
16207
26582
15928
24939
34196
30101
28698
25510
25170
24692
21765
16419
17227
24830
16804
20980
13505
32987
27768
13177
37043
38638
30205
33938
17290
23252
38567
27955
32561
23454
29560
26573
27922
30423
28235
15390
16456
22247
29562
28277
23856
29667
36147
37282
22912
25956
39363
11538
24436
15117
25399
16962
36779
10588
39213
14995
24177
31125
11154
37333
26357
20525
10447
17753
26161
34594
38646
26841
16136
26255
21252
11303
16321
12880
12177
27705
38212
19940
28607
39262
14638
23997
33925
30547
10246
15972
12581
18508
21812
23271
25632
33460
31645
33233
28505
31011
21288
15004
15543
21994
39805
39380
25454
38575
17484
28228
20343
26667
23949
37572
20860
29105
11268
24192
33569
12473
27063
32917
30295
24016
38175
18613
12918
37843
19513
30624
31691
34888
36793
10352
30898
17937
29087
21399
18685
34495
21950
36326
22420
20908
10330
13495
23679
16219
25769
29537
26593
20002
22674
24133
11976
28378
37719
37500
33940
24553
28978
24011
29927
36124
22750
17020
35332
29918
30495
24579
29039
20544
13423
35319
33794
39512
16429
35681
12039
25664
10389
10481
33997
21402
25234
30134
10177
38712
36744
38181
19684
27312
28205
24475
33281
30275
28653
37577
17662
17411
27170
26563
19840
14931
30249
36811
29975
16463
33686
19008
12720
23869
23451
27064
34996
11708
39098
32188
28908
12521
27032
35062
36893
21431
17115
10700
25613
12401
21723
35287
35845
13328
30900
18349
26860
14523
12203
31014
30648
22995
21093
38787
29992
26188
39126
17448
23556
10761
18034
16750
18831
16209
26112
38840
37585
13986
26490
36610
17842
32379
10962
33744
38037
25064
16216
17338
14122
29803
22791
21140
14031
18759
39983
23010
29408
11555
22779
32576
16427
37160
27906
29729
16764
36831
21657
38542
36804
29151
16342
25577
16919
25160
19088
36086
29218
31481
10175
17604
18636
30341
31317
17671
15778
27772
36227
23451
14213
15498
12705
36773
12344
31845
18850
35320
13365
13852
20830
21712
16138
11152
30801
23323
10504
11524
20811
20509
27854
19939
32009
16655
27652
23515
14769
22764
14278
21187
32716
25199
15391
38733
20219
35681
20741
11681
21957
12769
23534
20051
20199
36944
21830
24407
35749
14288
13471
25307
18491
30674
16242
18135
26945
20685
23718
37387
15693
23995
19484
31990
31700
33166
31541
14002
21741
31051
17804
37226
17317
21591
33967
35289
13004
14563
12301
31713
37441
22894
25681
16244
14474
24925
18957
21902
39698
20777
32313
31942
14306
16286
23836
23153
24367
19003
18508
19982
20441
36836
24699
38028
33525
13504
32982
22181
24142
28601
18312
25042
19620
14538
20392
36670
29986
31040
35628
20291
27388
16802
34326
36133
26996
19308
31343
37265
14174
23961
26004
24320
31881
18377
37944
33999
21003
20258
24593
35435
16641
35532
14771
23824
35760
36303
31219
22268
28643
27217
37662
27473
29812
24735
30167
25960
28140
18571
39120
11030
18939
13157
22968
15692
19194
32270
26126
28979
38161
21412
36565
34634
36281
10662
34352
36753
22986
11272
30805
21116
19928
26444
12588
10823
19787
21163
37259
36033
20329
21758
38852
35140
31179
16053
25913
16765
12549
26630
27454
24942
14247
14352
33137
14177
19639
20523
11862
14784
15322
36042
31707
28976
30664
20640
30716
27635
30455
39677
12362
28615
23776
29203
22095
31484
32084
14316
12297
24732
24544
29611
29920
18276
15407
19653
24163
26388
11167
31926
12349
36828
34571
19393
11428
39961
18990
14193
21778
38613
15508
18720
11262
15593
32799
30901
22198
19966
14959
39128
33662
31740
18014
37555
16159
35108
26968
11473
10968
19381
12253
35986
19111
38649
31882
27447
27805
17677
24480
12617
30419
26424
29657
26145
14269
20761
26637
16657
38830
17593
22219
32458
37718
32629
21974
35827
18545
15954
15774
35071
20328
26357
30170
20259
12531
39702
37922
14897
10760
29442
29118
15277
21416
18949
16818
12889
36388
38698
19125
37322
15296
13568
33661
22308
24233
24754
33460
15162
26701
17064
25084
38040
22343
15170
27816
11950
28863
28131
16679
18560
18603
24358
36892
17120
20786
20663
14592
33096
32369
37526
19378
16890
12718
14646
23045
24447
26747
33320
38699
23178
22229
30143
21464
21451
17457
23089
23123
10617
15988
22462
24623
33236
17504
32833
30706
10765
24810
20417
21893
14006
24401
23082
10111
16944
12362
11456
26399
21478
26290
27837
19497
12491
13603
21346
18416
31141
16777
16630
39925
12283
14161
23670
32525
17899
36592
21693
18787
34508
21042
30404
14079
23476
33022
34917
31006
28275
32538
39620
20508
15776
38165
38384
34779
34057
12981
16661
29485
12131
34315
36045
15587
32689
18949
27118
15514
18630
15903
19062
17218
14679
32946
29268
31307
37191
11754
18449
22389
37814
31860
12823
10808
24909
15839
27111
34555
27616
18030
37486
14668
12894
28808
38760
16128
29808
33399
35176
15546
18086
18635
32565
30049
27863
38238
34586
29770
24741
32909
35016
18173
10649
28059
33904
31570
13420
15871
12565
11904
11385
14579
29043
24195
13366
30622
15898
22424
35804
34002
30659
16271
32463
32000
18593
26600
28939
13184
36437
22561
25262
22329
14196
26655
36278
10818
24416
11767
20761
39345
24134
34944
28503
33706
11158
37226
22156
34060
26418
32124
29455
12985
17745
29790
27697
25981
18086
39024
20781
21971
10296
20660
35110
30426
14984
20388
39398
20176
38472
36764
29341
38222
17634
30209
38405
14076
16649
33435
28607
11717
20526
10870
14558
30002
10016
24892
22070
25268
34848
11258
20577
18944
18752
20040
26467
13969
28241
27744
20705
26366
32724
14910
21067
31917
38471
38447
21345
29922
19054
14659
33112
39214
23958
32213
20996
25488
20889
30014
16340
11290
34658
32217
23191
29452
14676
30095
22457
37768
19357
36465
28357
10752
11435
19124
21023
29345
17772
13327
29150
27752
29886
31761
20366
27047
19957
34812
17344
24859
29021
36424
17393
19352
24139
30840
32462
13731
39997
10080
21196
23689
23936
20962
21459
15143
25200
26792
18183
15339
35923
36746
12754
24977
33237
13919
36403
26805
22675
37716
23298
25188
29937
26522
16388
23096
14920
23791
21324
28092
38002
32482
14321
31100
25813
29239
34927
10768
28958
15732
24733
30364
36324
38043
20405
15981
18912
12437
39477
25740
39026
32115
26360
11330
27668
20929
39997
33838
37008
36960
12620
33838
10153
10087
14850
16237
10819
27994
24682
19808
21005
31055
16997
23028
13499
12521
38646
36339
16174
19497
35234
20003
18501
27937
18604
30630
23835
38496
28338
25415
36661
37754
17573
26578
19245
15204
38056
37559
19864
25342
12275
17920
36855
27668
13996
23392
37640
29596
33110
15646
12581
25638
14344
22320
31464
30733
39919
39008
17170
37910
11342
15565
36656
27668
28086
34386
17538
11509
17074
35083
26293
24850
25530
22215
15927
17526
12801
20524
10978
14036
23748
38218
30721
29449
10959
18506
36075
22363
33846
28860
23882
11171
15272
33480
39501
11354
24221
37032
37644
37011
37859
22850
14070
26174
33648
34563
12232
31154
24612
34885
31846
21702
25576
13871
33207
30856
11687
24652
18945
12499
20142
26368
29258
31939
39733
37813
29199
27239
25876
18903
38608
22018
16104
19463
35980
27501
24918
25559
11570
22314
16121
17425
29440
19768
25344
38026
33282
16936
20078
37920
22173
20274
27841
21972
27299
35276
19175
35991
35669
19379
25011
22639
25038
22610
19175
36473
37616
35383
32120
10269
30150
38316
30249
38378
34571
16203
18748
32185
24245
31859
19870
16102
20276
14676
22849
18167
36262
26713
20277
17706
17138
18044
28225
19750
11470
35079
36140
13060
37405
27469
17267
19148
34481
24519
28751
27056
13207
36602
38072
20742
28958
14718
36794
32113
26397
38047
23009
14605
33613
30339
29007
20976
22786
23831
18708
37877
14629
28783
32906
31093
29654
27538
30990
27790
22947
22857
11075
13627
19627
10176
28174
20894
17543
32420
34805
25892
14372
36518
30717
23110
35791
11810
23474
32260
27871
27741
25071
22105
31985
29988
15412
12968
36956
29192
35542
22759
23550
21089
11486
10083
22374
34805
13492
11411
22099
34341
36831
34049
17588
36300
38638
38230
24782
38988
11145
13938
14131
22382
28332
30229
12410
14215
26829
22402
30147
25414
26021
34799
26126
11748
36768
27964
26171
24250
20593
12895
32179
22162
34527
10531
17418
24588
22923
11603
13560
34967
39119
36608
35657
35417
28888
34444
37808
24770
17295
20193
19447
36453
26422
18151
10157
12973
11103
35091
39140
21919
23430
21650
30871
19212
34803
32478
21748
20359
37815
24884
19552
16862
34907
34044
23217
13661
26230
36410
18464
16946
29958
25430
18101
14549
15875
26782
25227
21673
12701
20920
13099
10333
22875
22476
33272
36807
32443
31567
38009
16176
18396
36616
31203
21457
38994
31431
11272
37957
38614
32096
26450
18406
18961
35942
30185
36274
37557
22568
22559
19532
33712
13716
16634
12840
10531
26722
30621
37137
19333
32089
37613
21893
27675
39544
16167
38520
16268
27396
35779
12846
22601
20540
29892
39477
10541
17861
39361
29976
30976
35721
23478
12076
35531
38474
20079
38486
38405
29121
23106
29362
22908
18062
15755
25519
34023
17851
27839
14306
33307
33320
19947
13990
26722
12174
32624
38412
38753
29684
27628
16875
11196
27256
24603
21965
23850
15704
39933
22366
36298
12659
38189
18776
28901
18263
15788
16627
29963
15125
33856
32283
14929
39539
11512
37490
14100
38482
11023
32931
15322
16563
14978
38377
14435
15571
15470
16359
24850
30082
11023
18762
24811
26435
34739
39101
24355
10097
27193
23540
37851
13981
24175
34060
30069
12860
30805
34039
37362
24273
37167
33287
37078
32282
17601
34843
32711
31770
28660
13598
29912
29254
20352
37051
39214
18028
29281
34987
35105
31208
29197
16288
16166
28367
29355
29011
39144
22326
35387
29715
14920
13578
27029
20387
11526
36694
29350
33873
23582
17797
16576
20596
35907
20170
37207
24069
32458
25943
27856
17201
30810
11922
21525
23515
30056
19500
27901
36234
22874
15118
26877
28290
14090
16672
37771
21222
15293
39824
25740
36958
33155
21764
18561
36125
38824
38051
16792
22441
34489
33258
26902
28023
37327
35905
27056
37753
22624
21298
10998
13428
33431
26785
14542
23322
24245
10183
27012
33641
33263
31719
36961
18986
23363
29090
11291
25689
38993
17953
32505
24015
13474
13598
38201
34559
33976
17679
36947
12999
33541
32154
37553
21279
38368
28506
31813
34446
13744
11523
27538
29381
30311
21142
12897
27925
33460
14233
32829
31747
38317
22406
31341
25713
16283
11516
10209
25670
34549
16525
22485
38523
34097
36875
25309
16817
20732
28525
14558
26543
36808
36686
15301
12604
35056
26665
24885
11171
14610
19285
31624
28847
12544
16515
20767
32297
38316
22614
30909
27611
26372
39159
27492
35340
13495
22672
37776
25634
29080
39324
15082
30628
15825
23154
15507
32022
28240
14458
18638
23546
22965
16516
35070
29361
24455
31830
28551
24510
15920
29058
19185
30604
26180
39476
31372
23719
38609
14445
33909
13233
30859
36812
15889
16090
34922
16503
18467
13569
29200
10620
17905
34299
30677
30325
32063
38609
31137
39061
39002
36854
16535
29474
31473
23533
28156
11435
37841
28187
21944
19082
10676
16793
13416
37147
14380
12565
15277
12066
15417
16466
17264
28706
20000
36150
33160
38638
14701
32798
14522
37862
39459
29219
36704
25804
11344
21125
15954
30974
26393
38381
27202
28891
37767
34157
11844
14079
24027
27126
14540
22661
19788
12664
37946
18311
15278
14773
28006
31642
21870
35053
37017
16580
34377
13082
33604
35011
18778
18088
32776
24126
22149
39491
37105
30191
15246
33298
21373
36728
28639
31765
17546
14177
37937
37948
28027
16162
28491
29697
13269
24518
38692
22925
23824
39796
31099
31533
18101
18596
27911
32900
16287
19570
14513
26635
33803
23014
19654
13190
30208
34753
12397
26364
27310
18604
35493
22019
32309
12114
35510
36026
14490
30108
36954
34378
16968
37734
15590
34033
26868
30406
27400
29124
27341
36484
25574
15515
15866
19972
36231
19490
28493
36321
33572
36153
35176
10867
35214
17932
21651
15876
31223
19110
25406
22693
16937
21640
36388
21387
22949
20944
28334
38798
23905
28924
29303
37753
38994
28356
31419
16929
22972
20056
13348
38214
10470
25194
31010
24109
35009
23641
10479
23407
16098
38986
36288
31950
13363
16303
38338
21742
24442
25121
13402
16894
23437
39714
29845
34923
13114
37646
17251
35567
32784
26919
26937
21328
10593
25729
23414
37683
28905
35005
20237
31307
30506
29549
17396
20646
16563
16719
10905
13902
22255
23802
23123
30249
15315
11411
13141
38104
13648
15716
13899
27324
26677
32856
38924
21994
26668
19786
19939
35047
34621
38770
29861
29294
39292
23847
37175
34857
33674
28532
27100
22342
29642
34189
24117
10670
15574
39096
11141
15892
10962
17604
11394
26492
35384
13035
28226
37080
14954
19649
38358
12027
10617
11014
28292
37019
13455
36460
38487
19297
17164
17308
25858
26820
33712
10419
33652
16152
29349
29856
34697
15719
23255
23362
19356
21351
23351
29201
28043
10310
12297
13366
32378
16977
14152
39902
13855
33916
13065
27397
20139
14561
17791
21265
25804
20544
15013
12874
21586
18783
34507
29640
39228
24563
26634
25414
16093
37439
25658
28328
14026
11566
18237
10305
29560
39906
30385
35252
27292
15791
36212
16860
36848
32513
26386
33850
32227
31568
18794
16712
25757
36088
24758
31131
31001
20569
39976
20182
18068
30119
19701
21824
16207
11307
13556
28022
36049
33249
32867
25593
27379
38760
35109
36501
10441
19866
26750
10398
32588
26248
22564
23232
20402
36295
35012
14955
16886
33742
27512
14612
17400
35865
23533
31364
26174
18533
15254
36753
12324
29665
36163
21822
30945
27107
24373
31285
25640
30594
17808
20086
34635
30247
25504
37979
36450
16083
34835
12010
28956
25525
12336
19563
23641
38155
19511
23875
19192
11204
30197
10709
17316
17033
30817
13199
28452
29974
16197
18266
38680
35711
25652
12828
27596
14310
36507
16043
37304
19095
18381
34968
19161
29777
12757
14775
32294
29608
19709
36135
15497
14492
27123
30670
16003
20379
15579
10199
31855
30977
28192
28968
18369
38965
30656
23048
34074
25891
27402
18540
16290
27835
10193
13967
39555
34351
36436
36881
37305
22445
34417
18479
32918
14272
34193
35878
11501
27523
21177
11179
20819
39200
12104
19048
12249
38048
22220
11729
37914
18709
16048
28142
20441
21800
38826
30555
33660
15219
18861
15434
37334
21404
28013
12614
23099
21351
25506
32900
13300
19980
20935
23155
19965
25068
39158
28953
37207
23567
33177
36080
20979
35314
10412
33873
25071
34398
27761
14826
28013
10483
28886
24745
39186
23168
33751
31544
26623
33683
24213
25866
37350
39813
18634
22550
15743
14106
21258
26836
21244
11764
25717
22453
29605
24418
16519
24318
13685
21810
24007
13337
23023
38210
16345
20464
33212
13484
31133
32131
39576
19687
33053
13826
15624
24639
10148
38630
29349
15605
31878
36974
13307
33643
26410
24854
33831
28118
17201
12032
13971
39951
19200
38770
12367
39194
39209
20793
22500
30011
25710
31101
29608
30066
20369
11887
12487
28660
36388
30499
19369
21939
26449
39329
39659
28537
37521
31708
22448
32883
13899
21788
16006
33663
24985
23295
10034
11383
24909
25913
26177
14885
35104
14649
21737
29216
35979
15668
21881
33968
16784
19998
29756
29005
14086
37964
25627
39524
38675
10105
34602
23508
28371
23514
24668
30015
32756
26201
30375
34382
12435
39983
31806
10508
33233
29602
17024
31676
32201
25146
33923
30050
13998
37586
18111
28494
23843
36068
10735
30948
32553
30720
29470
18955
36660
12305
18662
28409
38638
25673
18742
27790
27921
18123
36113
10292
10204
13656
20739
34083
37674
20331
14154
28375
22137
28002
27840
17720
25538
21616
25516
32186
32721
35663
15776
10190
25290
38343
10751
30105
33791
24404
13019
13299
25999
38999
13471
22582
38770
26497
31493
36135
29713
25859
35530
25720
31416
25270
18835
22670
26230
36038
26705
33498
39423
25397
20021
18922
24486
33139
25808
37437
36815
35137
38089
35095
25310
26194
22024
14196
31326
27722
10660
38533
18742
17063
29785
31311
36278
14190
17068
24365
15120
30593
22189
11500
38965
34536
30075
16083
26715
27459
29080
14467
34840
22930
26183
37947
37478
27355
13625
21303
24122
11260
16139
11584
38529
28042
24781
26377
10440
11160
17460
33713
36720
30470
37115
21905
11663
17304
37354
24706
18890
15188
16575
24926
31195
13689
15252
17628
18749
18613
33806
16584
27703
36328
37787
32729
21640
24374
26443
16933
30183
34673
18593
27277
22552
39710
38753
29623
36982
29602
14750
12176
13611
12735
26285
34720
24347
35921
14547
12163
29440
24260
39209
16168
28355
19554
13273
37311
38050
28939
39039
19980
18836
24565
24219
36334
13551
24739
32804
20129
30433
21107
19837
18382
22167
30642
16415
18316
39352
21297
29422
21781
10360
29961
16086
10144
26036
19585
25579
35417
17521
25210
39651
26270
15812
16503
39188
34532
15285
32636
38740
13401
24830
30760
34300
22249
36679
29064
14985
39500
11814
14982
33200
18930
34195
19095
18061
38250
27553
37612
34002
10400
17280
17589
21321
23595
20964
36143
33360
11500
21109
36814
33928
34254
29690
29623
32103
37389
32662
19349
12671
38968
31246
26124
17775
39849
17334
10713
30888
22078
23362
22755
17323
21283
36467
33526
16550
10109
14383
13128
25953
12586
34808
21283
37000
30710
39449
13168
34189
14920
34145
17421
35122
24019
19164
10123
38522
24688
31558
38890
24067
35100
18106
16766
19072
14999
11532
38372
19322
12211
20306
10438
28489
29644
21574
30603
20027
36811
29488
28556
34725
17895
28733
25172
24300
27609
25329
23343
23883
11419
28432
22191
12020
27306
16791
37160
25660
10982
29671
20328
33882
26858
30260
27893
35100
20272
27126
23482
11496
36700
24918
29611
36881
25728
10027
39445
28001
26847
39821
38849
25839
28160
30660
24328
22071
30156
21248
29258
20368
28432
31688
22641
35914
20127
24286
24070
28839
26216
35570
29770
38206
36438
39453
18801
23444
38988
33363
24054
12062
21294
20381
27170
30243
22048
33461
12181
18999
21342
28229
10265
22433
36852
14379
21994
14483
18946
14470
25275
11001
19070
38268
24435
27891
11216
12567
34723
23388
19549
25193
20031
20751
28876
14600
38132
22013
39260
10423
38702
20873
26041
35442
10115
34181
29630
23097
37832
23818
25136
18707
33733
20700
27994
25447
19464
17485
38322
16837
27011
34638
21595
21756
38361
26149
28225
28250
24381
13538
22570
27548
27345
18971
29308
37485
23175
25770
20823
15633
29910
20261
36728
13907
15195
37042
18442
33833
14789
10672
35313
37363
17252
38004
11508
33698
18366
34412
15018
22038
25925
35129
34188
34348
19096
21577
21391
13098
14442
19259
12199
19592
17230
11113
27100
26900
17986
31190
11883
36464
26596
10493
34633
17359
18015
29756
11076
36394
17778
38650
27978
25734
11159
24223
18573
11713
36821
34077
38458
22016
27996
30021
17668
28413
15558
15210
39632
33010
11629
34969
20196
18815
37714
16516
21433
11496
34676
13081
15555
18179
35051
14241
13976
38906
26742
20996
11483
15158
10749
12291
13238
14275
11549
25985
23166
29677
22747
19884
14822
14732
23850
39789
11249
37950
18037
30817
17477
17581
29586
25117
11509
14773
16316
20153
35383
35658
19949
38323
16841
14197
32062
17892
26672
20599
27865
34572
38298
28099
35752
10727
23497
19990
34534
22438
18571
26036
14148
17876
38966
36885
28150
32224
15132
19542
30023
34765
26746
38516
16028
18048
14483
32925
30993
13900
35668
10432
35742
14070
21740
34762
26999
24112
11730
37804
35123
19070
17594
13167
16504
23148
28434
37425
29725
24797
13097
21520
38201
35343
36126
17684
15252
25513
22938
33221
21394
29508
37418
37620
19868
22120
26668
17948
36154
28094
13278
23789
20671
31695
22826
19915
19894
36838
17258
26954
34786
15971
12386
17076
15516
33041
29916
24092
37686
11523
11010
20629
37634
17510
22166
16537
12676
20020
24198
24191
32939
34051
37529
33813
27767
11452
11630
31514
39358
16888
28987
22031
32315
10735
14896
24129
34145
28476
28275
21416
14826
17924
12072
34327
37511
21061
22757
23249
23843
10210
35541
28969
11832
29390
24303
37280
20724
39582
15914
36035
25687
19326
15645
24899
17028
24702
24041
25143
24261
25072
15467
33601
27224
24438
23872
19560
13430
28622
15192
11534
39030
25035
12889
35243
38688
31426
36020
15239
25008
37708
21696
28949
24375
30575
37666
13297
30616
15001
23308
26175
36534
38344
19951
29109
19802
23877
13341
20985
31397
30948
20811
12706
25578
15485
23927
32772
13387
26187
28630
13139
19918
35071
39949
34214
32906
21170
23428
11491
26858
21752
18873
22687
34392
16418
24519
38747
25678
18388
32983
18341
11101
26910
14425
31998
14547
14688
10213
21062
34337
11832
39838
31651
24709
30608
11015
36032
37265
19487
27133
21184
37307
15028
23221
31174
36312
27992
27878
17297
19122
37363
17429
22253
32362
33470
21594
15544
37511
21284
31407
21680
36517
30904
11141
13418
15342
13849
29520
26109
17891
15395
36813