34184
18953
27731
17152
17282
36771
12834
13185
24675
11696
16787
39930
31322
17471
18386
39098
38106
17470
39965
30857
33729
39860
32672
20233
39125
14176
29201
26263
31173
18705
28670
14691
18447
22238
28204
20061
15476
15250
31928
23119
30805
23319
22303
26210
39922
26215
18532
25230
12730
10915
22375
34618
13633
17797
30899
30381
36581
33150
37959
32545
15302
18777
20325
18768
15216
19027
13435
28003
18590
38630
23610
30873
37071
28228
39224
16378
31860
18750
37168
19562
31610
20552
12384
33667
13326
14184
10317
26855
10430
28569
26780
32995
36730
27201
10463
15223
14787
11118
20973
36107
16620
18326
23189
38433
15010
23323
30832
22521
10340
19883
34370
20415
23866
33082
23310
37878
31280
17525
22070
10768
16571
25438
33915
32879
32408
34991
12078
21163
23436
18964
33898
19004
23177
28986
33523
20600
22273
33385
20999
28390
29449
15698
16178
24176
17291
36129
32099
36244
22014
37839
11788
35891
32602
14049
14691
10075
24246
11222
39240
35143
31410
21444
13890
33117
30006
26386
28624
26722
20106
37454
11625
13348
21815
12223
39513
34642
11893
13678
15740
30408
39079
12703
24816
29437
22180
38907
34322
25838
29999
35905
37633
34481
38684
27411
10727
35742
38976
34882
16422
24387
24508
38770
29720
19659
30106
19766
33618
25873
26463
35446
32923
26626
27738
10577
37879
15463
37438
16200
31768
31060
26629
27023
15802
17195
30633
38418
23589
37507
36375
26800
30629
24753
13801
19856
20128
27430
13860
12425
27327
16347
18581
25501
23505
31955
15371
39608
33879
12556
24311
13537
38105
32559
22306
16954
27265
30150
36894
21871
17570
14684
36486
18231
33861
34295
39141
14875
18130
25766
24213
36752
38541
22307
30585
34534
22958
29720
36094
10075
33920
33936
15887
18023
35121
13608
13459
24685
11377
38299
35485
20172
15061
24852
14807
29236
10819
29410
32070
13109
29392
21045
35856
34397
39592
23927
27466
18750
36593
34231
38926
24021
27788
29791
28321
35716
36577
10093
26536
28168
11984
19303
28992
14223
39503
17330
38275
13740
13742
17013
30575
15518
24751
20644
12121
15944
10182
38893
39993
14126
39672
12724
24843
33489
37417
28755
10610
33613
12719
14011
23464
26029
28434
18873
24960
11759
19023
36865
10364
33157
16034
38945
16060
19285
25245
25437
16022
31341
16115
12775
13485
12552
34747
17675
11784
23087
35132
33995
17693
22826
24432
26271
16802
12429
17075
34703
18496
38259
21665
18345
33635
12318
23902
13623
13324
39077
22940
13317
24763
39602
20113
26800
24413
17641
16233
13985
39511
31911
11485
14417
16099
25395
28997
26916
16822
13422
23215
27442
26946
38828
31531
11671
15323
30603
15106
13424
25321
28314
36423
33901
20793
25917
20184
36296
29319
36890
22906
19621
10850
38950
22724
22078
33767
38834
21639
34360
32855
18434
14072
21158
36117
10549
11781
37587
22620
15151
36283
14276
18660
30189
12614
30751
37091
29569
26712
31099
25416
10336
29589
23282
18930
16381
10986
26912
31193
13403
15354
12654
22304
29902
26560
18054
12725
30973
12979
23527
15482
38581
26091
39144
13721
23481
20041
19084
18287
23042
22843
14299
29129
35675
35628
31671
17987
26533
12890
16206
23650
28372
22120
12254
24492
34975
20178
37894
21883
13661
37806
11313
37232
11291
22474
35702
14708
12231
16135
37821
14043
38708
27516
17968
22005
12952
24115
12727
12743
32028
14376
37920
36545
27281
24272
29219
34378
13196
29869
27876
32257
31940
39965
27252
31653
20490
36793
31287
15244
25631
18493
29241
17732
24332
20287
29353
10898
11885
22538
27087
10777
23545
25742
10659
11155
13037
39868
18876
32031
18701
38455
20974
12312
30940
30295
12498
36811
13601
36828
24627
25427
37094
37266
11295
25947
29771
23483
26607
36065
13409
19091
30163
29063
27199
13942
15150
12996
19102
37934
37002
10406
22077
23436
27487
28098
12882
34014
33788
12702
11609
34327
27530
25420
38448
34383
20555
27188
27950
39231
34623
19748
37486
11253
16589
27247
31345
39716
24580
34547
27963
18495
29768
24698
27317
20157
25297
38563
31329
37681
31426
28881
26507
19021
13563
13564
27220
39030
35545
32161
15070
35940
12361
13521
16658
24086
13843
38456
14645
17809
34904
29033
30782
39764
22402
37910
24367
21453
11128
33650
24300
33418
11452
32169
29488
21897
15236
20617
16495
10845
17077
28179
30469
27011
39948
30875
21723
35016
19313
19939
21382
21996
28783
19213
20969
20818
35178
20840
34107
23049
15367
39479
27659
18546
20637
16862
37604
27568
28539
17437
19286
26704
39790
22182
10697
19734
37094
26846
22791
29193
11648
15811
17603
28278
16391
22109
22667
34315
21436
32186
37049
30122
36181
17003
31223
15360
12333
38605
26209
14002
26656
23267
20371
11914
30516
22263
37289
15134
26684
18683
18875
37179
13053
33591
17715
11170
35049
14446
23234
25468
33456
14843
14365
39643
38104
39405
19785
13819
38192
13752
28993
39584
12358
14888
13225
39019
26426
39816
32691
23999
23910
17621
21426
18321
14492
30888
20132
37772
31797
37656
31951
17031
12298
15898
26058
28139
22575
23152
24955
16359
18782
28793
13473
12769
10245
19552
13524
11228
17677
34487
30764
12250
24693
34066
26262
38279
15797
14932
28547
21430
13892
13340
22686
16442
22471
35414
36839
23656
28174
11121
30895
17824
38719
27685
16223
37221
11064
22593
29833
37690
38531
25708
36247
27202
30167
26139
17128
39743
36571
27306
30532
15492
39959
29025
30200
20015
24870
23879
38750
30785
11549
29742
15849
28473
38204
33783
21289
13191
30116
25386
38176
19424
15808
12802
13032
32551
19351
32478
17524
32043
10175
16271
29302
18965
39979
23298
23222
19437
36377
27880
33020
38908
10395
36721
15271
22423
21187
26950
27104
35846
16896
30062
38922
26796
37860
29363
26206
26453
10716
16090
17625
23954
26600
22676
31251
26456
20032
39338
38192
14816
24739
35350
12625
34012
17085
31837
33062
34619
29274
26265
18623
20748
30133
35914
10671
17320
16306
22096
26951
39458
35361
14537
19422
29801
26369
15462
33822
38679
29532
19014
30166
24063
27426
18682
11197
18890
19733
11702
17436
35851
12987
17158
13128
30755
26315
33151
18574
36450
36156
39823
28172
38294
10528
39420
36799
24314
22403
21035
35224
21825
11196
24091
25705
10854
15549
11788
34226
17257
35266
33542
34659
15280
26507
25520
31378
20019
22881
24183
11644
29456
20823
18034
11170
21338
29341
18490
26419
20285
28695
35739
39972
21320
24212
16037
35095
17811
11685
35429
15562
35387
34381
10292
10314
20566
36981
33816
39453
23359
39023
22986
19880
28951
35225
21117
30786
39297
12655
24556
36345
30623
27909
10945
23607
37548
25593
34301
31617
17355
23770
26507
30462
15490
12772
27058
11604
31663
14496
19120
26369
21044
30930
23357
21140
28496
32429
20892
31547
19544
11617
19286
35480
23743
33529
11350
22806
32676
36662
13976
38060
32083
22777
33545
39939
33685
26220
19102
19576
11032
32397
17332
30587
27418
27165
15586
32022
24180
32242
37526
24050
20486
23809
32201
21040
10258
25760
24964
31687
28217
16506
20428
32026
22617
30749
20173
39877
38797
17940
24761
29116
20451
23884
20337
32984
23320
18804
25000
30125
20106
16323
24284
14250
33558
23315
33100
14337
36330
35924
22798
31506
24598
32596
13705
35194
38442
24505
13591
13031
24359
22612
21146
29775
33057
35986
18404
15864
12811
25316
12530
39107
29429
39406
29218
36703
16591
24804
21535
13174
26449
19857
27850
21890
16673
11854
30581
12288
22721
35530
22826
21490
24108
14631
18819
18765
39690
39089
37249
10409
24727
12204
20891
35304
20430
29825
19155
31681
38626
37868
37373
15763
28562
32542
10419
11321
30736
34433
32548
38614
10022
35016
37702
13226
26328
24945
30084
21191
10645
14323
26123
22106
33779
38430
27392
19631
21931
19373
37277
28369
26565
12697
36208
13613
20148
19148
32360
26975
27843
16569
20040
30048
15634
35440
30039
11308
19169
20050
30213
20473
15100
38210
26937
15949
36713
33791
23640
35641
10717
37632
29489
12066
21217
14242
34852
27433
25631
27904
31046
17419
23129
33166
30493
12830
26498
13516
20575
28619
19976
37174
33064
30146
37788
34097
34400
17132
36180
16418
18526
34546
35315
25051
34743
30304
39384
13482
24514
21839
15509
12744
34851
17978
24050
13383
36640
18932
10611
32939
32073
11852
18849
17877
20098
36087
25179
38276
24660
33960
10111
12712
10765
10034
32067
21568
39773
34589
15835
20595
27827
28439
25725
33619
31443
23376
16142
19192
12433
14387
37722
21940
24462
24541
19267
27234
14079
23705
33448
31953
21181
36165
30506
27036
13570
13347
10529
36576
33274
10915
21077
25683
14848
25391
36490
17506
37995
20469
37906
16047
28498
30882
12220
26065
22028
27535
23630
38277
21732
27598
32028
38951
26507
15672
14662
13400
35383
17329
22135
33080
34511
24050
15360
24233
37294
25630
11798
21830
26217
15824
28968
37458
36699
20557
38926
25375
13023
22301
22635
20014
14765
35148
24178
33249
34966
31557
33652
35353
33310
35620
26117
11780
31838
16520
36879
22593
20144
21182
12045
34587
13209
16472
29681
15503
35631
36463
16907
18783
37313
10334
37905
22043
10950
17275
15867
17718
20672
37223
24776
13612
20997
39528
36046
19322
23703
12686
32024
26593
37678
10017
12072
29941
13946
27800
16391
35624
28985
25682
11644
20758
33149
17711
10709
24953
20357
11907
24615
22725
32878
32054
29566
11365
10759
31065
25322
25016
33296
23092
30757
36460
33246
14472
14293
22034
19691
10832
31375
21416
15514
17110
31612
14653
36049
22539
14877
26073
36127
26287
19216
21059
16162
31083
25223
39644
27215
30069
27880
38394
16383
14941
22142
35559
33373
19790
33647
20092
29751
10056
17844
34589
24994
29463
30717
12457
19252
15861
24231
34503
25366
22884
16429
11166
32273
28917
23921
38223
33821
27334
35169
34615
31196
37218
35841
20859
37091
12166
25502
15517
23229
20245
37116
17182
28213
39498
30646
19345
26077
36527
12302
10954
34124
14684
31145
25236
27119
14170
38090
31213
39684
16109
37321
32738
27898
12740
17858
39280
26013
32018
33040
36180
32191
25168
30494
34944
28352
29919
32330
30501
11961
27802
31375
30383
11253
25473
33134
11207
35546
28584
30257
28880
10734
21642
21851
26255
27356
18344
10168
19550
28340
30458
37380
37832
12613
36646
33239
29618
24345
31952
17357
18197
37416
16964
37895
36421
18753
12236
39257
29838
14681
13897
30703
26112
13287
30696
33068
34439
32919
39156
38999
13462
32914
29573
17440
23251
23731
36756
38722
31990
31640
13551
38300
13981
10850
28419
26698
34034
39440
21930
10845
18649
13146
10668
36850
11194
18838
10332
25445
36549
36427
36521
10025
32895
19199
23607
29600
21474
26897
36202
11610
29505
35023
35799
38316
12535
11517
31209
17106
20579
34363
25060
16463
15492
13253
22288
20530
36024
31632
23571
15778
19149
17094
20572
31240
14465
38682
17386
17276
10324
18814
19092
38285
11899
10750
39841
30526
10568
14750
32386
36144
10022
34793
21807
31171
18629
14573
16395
24340
12273
25114
39847
12162
17109
20653
11027
18924
31020
18620
21133
38580
34687
28445
35280
20123
25242
36764
28512
39928
37420
14723
25489
21461
24915
30838
25538
29915
37279
23785
35337
24867
23726
19371
13623
16603
37697
32753
25436
35608
26054
35767
18547
32283
31421
24445
17656
10409
22337
21801
23222
13506
11077
23558
26417
33050
38399
30154
26278
34472
26179
23221
12108
16300
22621
13014
37764
38677
38518
38880
26281
24458
33420
20300
23051
27376
30744
11675
26564
25702
13923
14546
34374
20488
24186
19944
15206
27065
26380
18990
38324
19847
32087
32669
16281
12048
26675
32599
36867
13038
38712
37558
34512
28107
20225
27713
25632
26213
18644
15903
21904
20064
30130
39785
13471
27341
21177
15085
26855
10558
14130
30542
13262
23153
10114
26694
34700
13620
15271
30197
30933
31810
12981
24270
17102
33149
24556
22244
26472
11257
14634
15474
26188
15232
14555
27120
36458
34369
21311
32077
18196
28618
32132
37738
20377
23712
39539
33620
25388
26078
24451
11320
30928
26784
37309
10031
37309
29563
12792
34928
35740
19435
16739
19388
14216
34723
25564
28225
31611
17247
26830
33655
12552
35415
39147
38826
22339
10397
25884
16670
28304
31427
33255
27958
31053
13256
31698
15769
24810
22789
15142
17985
15096
23643
25331
10799
18900
31775
31352
21420
31010
39263
20900
39708
16353
21109
35628
28345
32645
14531
22096
31083
21349
24579
12720
21348
26177
12956
11431
13772
15951
19098
32726
37736
19198
38577
20025
17472
24270
14698
27728
34850
17365
30013
25035
39284
23374
32413
26252
31770
29459
17725
23844
21939
21137
30379
38604
29781
34662
32754
26081
32383
35454
29869
19468